       Wavelength             Transmission
2.000760999999999790e+00 6.967181920611440621e-03
2.002759000000000178e+00 6.956650920611440365e-03
2.004759000000000402e+00 6.945582420611440266e-03
2.006760000000000321e+00 6.991930920611439879e-03
2.008764000000000216e+00 7.003003920611440211e-03
2.010769999999999946e+00 6.968169920611440131e-03
2.012777999999999956e+00 6.953486420611440684e-03
2.014787999999999801e+00 6.921081920611440313e-03
2.016799000000000230e+00 6.989788920611440630e-03
2.018813000000000191e+00 6.944930920611439712e-03
2.020828999999999986e+00 7.057424420611440284e-03
2.022847000000000062e+00 6.956927920611440282e-03
2.024866999999999972e+00 6.933074920611440387e-03
2.026888999999999719e+00 6.973326420611439952e-03
2.028912999999999744e+00 7.041871420611440537e-03
2.030939000000000050e+00 6.968615420611439827e-03
2.032967000000000191e+00 7.005174920611440675e-03
2.034997000000000167e+00 6.993189920611439861e-03
2.037028999999999979e+00 6.974465420611440647e-03
2.039063000000000070e+00 6.914831920611440134e-03
2.041098999999999997e+00 7.046019420611440362e-03
2.043136999999999759e+00 6.912603920611440182e-03
2.045176999999999801e+00 6.942225920611440164e-03
2.047219000000000122e+00 6.986502920611439849e-03
2.049263999999999974e+00 6.918429420611440020e-03
2.051309999999999967e+00 6.957666420611440146e-03
2.053357999999999794e+00 7.015469420611439647e-03
2.055407999999999902e+00 6.948692920611440615e-03
2.057460999999999984e+00 6.933848920611439780e-03
2.059515000000000207e+00 6.921996920611440084e-03
2.061571999999999960e+00 6.976859920611439697e-03
2.063629999999999853e+00 6.917189420611440445e-03
2.065690999999999722e+00 6.984255420611439752e-03
2.067753999999999870e+00 6.953490420611440313e-03
2.069818000000000158e+00 6.913031920611439549e-03
2.071884999999999977e+00 6.906824920611440155e-03
2.073954000000000075e+00 6.907285420611440629e-03
2.076025000000000009e+00 6.985744420611440103e-03
2.078098000000000223e+00 6.912185920611440756e-03
2.080172999999999828e+00 6.936949420611440188e-03
2.082249999999999712e+00 7.025396420611440366e-03
2.084328999999999876e+00 6.920789420611439882e-03
2.086411000000000016e+00 6.952988920611439735e-03
2.088493999999999851e+00 6.912186420611440493e-03
2.090578999999999965e+00 6.958286920611439670e-03
2.092667000000000055e+00 6.912155920611440067e-03
2.094755999999999840e+00 6.913355420611440143e-03
2.096848000000000045e+00 6.914989920611440237e-03
2.098941999999999641e+00 6.911734420611439882e-03
2.101037999999999961e+00 6.915382920611439811e-03
2.103136000000000116e+00 6.925729920611439772e-03
2.105236000000000107e+00 6.912394420611440299e-03
2.107337999999999933e+00 6.922712420611440778e-03
2.109442000000000039e+00 6.966282920611440235e-03
2.111548999999999676e+00 6.957898920611440066e-03
2.113656999999999897e+00 6.910879920611440359e-03
2.115768000000000093e+00 6.926505420611440110e-03
2.117879999999999985e+00 6.916337420611439607e-03
2.119995000000000296e+00 6.919139420611440140e-03
2.122111999999999998e+00 6.993455920611440363e-03
2.124230999999999980e+00 6.937257420611440267e-03
2.126352000000000242e+00 6.912758420611440392e-03
2.128474999999999895e+00 6.927970420611440083e-03
2.130600999999999967e+00 6.992606420611439944e-03
2.132727999999999735e+00 6.918204420611440489e-03
2.134858000000000366e+00 6.914275920611440487e-03
2.136990000000000389e+00 7.026058920611440335e-03
2.139123000000000108e+00 7.001962420611440238e-03
2.141259000000000245e+00 6.918212920611440352e-03
2.143397999999999914e+00 7.055524920611440029e-03
2.145537999999999723e+00 6.928943920611440287e-03
2.147680000000000256e+00 6.981103920611440167e-03
2.149825000000000319e+00 7.024166420611439865e-03
2.151971000000000078e+00 6.939914420611439927e-03
2.154119999999999813e+00 6.996978420611440694e-03
2.156270999999999827e+00 6.992141420611440103e-03
2.158424000000000120e+00 6.927820420611440107e-03
2.160579999999999945e+00 6.956988920611440266e-03
2.162736999999999910e+00 6.917628920611439830e-03
2.164896999999999849e+00 6.975115420611440256e-03
2.167057999999999929e+00 7.042438420611439598e-03
2.169221999999999984e+00 6.959141920611439797e-03
2.171388000000000318e+00 7.033428420611440197e-03
2.173556000000000044e+00 6.945246920611439917e-03
2.175726999999999745e+00 6.945989420611440278e-03
2.177899000000000029e+00 6.927937420611440106e-03
2.180073999999999845e+00 6.958966420611440232e-03
2.182250999999999941e+00 6.962964920611439817e-03
2.184430000000000316e+00 7.023675920611440436e-03
2.186611000000000082e+00 6.988139920611440362e-03
2.188795000000000268e+00 7.052918920611439546e-03
2.190980000000000150e+00 6.981323420611440858e-03
2.193168000000000006e+00 7.039615420611440577e-03
2.195357999999999699e+00 7.093383920611440359e-03
2.197549999999999670e+00 7.019344420611440052e-03
2.199743999999999922e+00 6.977502420611439785e-03
2.201941000000000148e+00 7.172429920611440510e-03
2.204140000000000210e+00 7.017809920611440232e-03
2.206341000000000108e+00 7.018645420611440214e-03
2.208543999999999841e+00 6.989789420611440367e-03
2.210749000000000297e+00 6.960469920611439890e-03
2.212957000000000285e+00 7.116316920611440514e-03
2.215165999999999968e+00 6.978032420611440106e-03
2.217378000000000071e+00 7.020944420611440091e-03
2.219592000000000009e+00 6.972025920611440129e-03
2.221808999999999923e+00 7.060210420611440565e-03
2.224026999999999976e+00 7.013439420611440427e-03
2.226248000000000005e+00 7.009180420611440046e-03
2.228471000000000313e+00 7.011931920611440272e-03
2.230696000000000012e+00 7.080267920611440710e-03
2.232924000000000131e+00 6.964768920611440033e-03
2.235152999999999945e+00 6.984951420611440302e-03
2.237385000000000179e+00 7.011071420611440438e-03
2.239618999999999804e+00 7.101518920611440619e-03
2.241856000000000293e+00 6.994879920611440233e-03
2.244094000000000033e+00 6.975374920611439843e-03
2.246334999999999749e+00 7.198797920611440214e-03
2.248578000000000188e+00 7.029597420611440051e-03
2.250823000000000018e+00 7.108391920611439874e-03
2.253070999999999824e+00 7.041439420611439806e-03
2.255321000000000353e+00 7.141788420611440251e-03
2.257573000000000274e+00 6.997947420611440664e-03
2.259827000000000030e+00 7.032400420611440058e-03
2.262083999999999762e+00 7.008331920611439968e-03
2.264342000000000077e+00 7.110702420611439770e-03
2.266602999999999923e+00 7.018551920611439988e-03
2.268867000000000189e+00 7.190885420611439934e-03
2.271132000000000151e+00 7.000224420611439978e-03
2.273400000000000087e+00 7.066562420611439965e-03
2.275670000000000304e+00 7.000410420611440088e-03
2.277942000000000355e+00 7.031435420611440584e-03
2.280216999999999938e+00 7.030488420611440310e-03
2.282493999999999801e+00 7.005760420611440407e-03
2.284772999999999943e+00 7.014519920611439821e-03
2.287053999999999920e+00 7.081165920611439887e-03
2.289337999999999873e+00 7.040881920611440081e-03
2.291624000000000105e+00 7.006139920611440149e-03
2.293912000000000173e+00 7.036387920611440229e-03
2.296203000000000216e+00 7.123511920611440285e-03
2.298496000000000095e+00 7.039052920611440015e-03
2.300790999999999809e+00 7.101795920611439668e-03
2.303088000000000246e+00 7.089084920611440216e-03
2.305388000000000215e+00 7.023317920611440654e-03
2.307690000000000019e+00 7.025460420611440507e-03
2.309994000000000103e+00 7.127150420611440274e-03
2.312301000000000162e+00 7.040040920611440392e-03
2.314610000000000056e+00 7.100007920611439705e-03
2.316921000000000230e+00 7.017375420611439950e-03
2.319234999999999935e+00 7.115894920611440591e-03
2.321550999999999920e+00 7.009361920611439922e-03
2.323869000000000185e+00 7.110084920611440401e-03
2.326189000000000284e+00 7.068438420611440447e-03
2.328512000000000359e+00 7.149078420611440325e-03
2.330837000000000270e+00 7.008957920611440066e-03
2.333165000000000155e+00 7.047460920611439694e-03
2.335494000000000181e+00 7.023457920611439823e-03
2.337826000000000182e+00 7.030653420611440198e-03
2.340161000000000158e+00 7.069449920611439731e-03
2.342497000000000273e+00 7.028703420611440503e-03
2.344837000000000060e+00 7.071007420611440455e-03
2.347177999999999987e+00 7.026849420611439717e-03
2.349521999999999888e+00 7.129678420611440179e-03
2.351867999999999626e+00 7.042487420611439827e-03
2.354215999999999642e+00 7.034849920611440516e-03
2.356567000000000078e+00 7.004961920611440032e-03
2.358919999999999906e+00 7.174020920611440082e-03
2.361275999999999708e+00 7.037079420611439678e-03
2.363633000000000095e+00 7.119866420611440511e-03
2.365994000000000153e+00 7.052881920611439939e-03
2.368355999999999906e+00 7.106130420611440207e-03
2.370721000000000078e+00 7.053690920611439992e-03
2.373088000000000086e+00 7.112417420611439993e-03
2.375458000000000069e+00 7.146157920611439715e-03
2.377829999999999888e+00 7.016838920611440447e-03
2.380203999999999986e+00 7.068130420611440368e-03
2.382581000000000060e+00 6.994925420611439702e-03
2.384960000000000413e+00 7.086412920611439778e-03
2.387341999999999853e+00 7.062901920611440280e-03
2.389724999999999877e+00 6.977108420611439869e-03
2.392112000000000016e+00 7.044352920611439764e-03
2.394500000000000295e+00 7.069346420611440432e-03
2.396890999999999661e+00 7.010263920611440464e-03
2.399284999999999890e+00 7.059179920611440007e-03
2.401680000000000259e+00 6.946575420611440614e-03
2.404078999999999855e+00 6.982118920611440210e-03
2.406478999999999591e+00 7.048013420611440316e-03
2.408881999999999746e+00 7.091921420611439937e-03
2.411286999999999736e+00 7.114315420611440170e-03
2.413695000000000146e+00 6.946994920611440118e-03
2.416104999999999947e+00 7.027747920611440366e-03
2.418517999999999724e+00 7.010370420611439918e-03
2.420932999999999780e+00 7.024274420611440264e-03
2.423349999999999671e+00 7.094479920611440268e-03
2.425769999999999982e+00 7.001113420611439556e-03
2.428192000000000128e+00 6.985432420611440395e-03
2.430616999999999805e+00 7.070552420611440556e-03
2.433044000000000207e+00 7.119110920611440053e-03
2.435472999999999999e+00 7.060222420611440321e-03
2.437904999999999767e+00 7.002986420611439881e-03
2.440339999999999954e+00 6.969780920611439584e-03
2.442775999999999836e+00 7.002917920611440375e-03
2.445215999999999834e+00 6.936671420611439931e-03
2.447656999999999972e+00 7.021750420611439988e-03
2.450101000000000084e+00 6.968758920611439756e-03
2.452547999999999728e+00 6.979351420611439732e-03
2.454997000000000096e+00 7.088466920611440243e-03
2.457447999999999855e+00 6.969608420611440175e-03
2.459902000000000033e+00 6.981890420611439919e-03
2.462358000000000047e+00 7.006147920611440275e-03
2.464817000000000036e+00 6.952714420611440238e-03
2.467277999999999860e+00 6.998189420611439920e-03
2.469742000000000104e+00 7.095017920611439849e-03
2.472208000000000183e+00 7.018951920611440215e-03
2.474677000000000238e+00 6.967494920611439803e-03
2.477148000000000128e+00 6.990390420611440614e-03
2.479620999999999853e+00 6.947974420611440632e-03
2.482096999999999998e+00 6.987512920611439922e-03
2.484576000000000118e+00 6.953939920611440506e-03
2.487057000000000073e+00 7.020581420611439472e-03
2.489539999999999864e+00 7.167253920611440544e-03
2.492026000000000074e+00 6.988191920611439879e-03
2.494514000000000120e+00 6.963510920611440391e-03
2.497004999999999697e+00 6.967790420611440390e-03
2.499499000000000137e+00 6.936430420611440148e-03
2.501994999999999969e+00 6.959878920611440450e-03
2.504493000000000080e+00 6.976698420611439702e-03
2.506994000000000167e+00 6.945181920611440303e-03
2.509497000000000089e+00 6.950763420611440202e-03
2.512002999999999986e+00 7.244954920611440009e-03
2.514510999999999719e+00 7.034629420611440351e-03
2.517021999999999871e+00 7.084158920611440501e-03
2.519535000000000302e+00 6.940416920611439978e-03
2.522051000000000265e+00 6.979674420611439722e-03
2.524569999999999759e+00 6.939874420611440164e-03
2.527090000000000281e+00 6.976938920611439748e-03
2.529614000000000029e+00 7.013327920611440135e-03
2.532140000000000057e+00 7.009706920611440475e-03
2.534667999999999921e+00 6.948319420611440318e-03
2.537198999999999760e+00 6.945447420611440201e-03
2.539733000000000018e+00 6.922831920611440329e-03
2.542269000000000112e+00 6.970887420611440038e-03
2.544807000000000041e+00 6.979301420611440029e-03
2.547347999999999946e+00 6.972106420611440258e-03
2.549892000000000269e+00 7.066784920611439945e-03
2.552437999999999985e+00 6.982684920611440665e-03
2.554987000000000119e+00 6.963513920611440547e-03
2.557537999999999645e+00 6.995427920611439754e-03
2.560092000000000034e+00 7.321386420611440682e-03
2.562647999999999815e+00 7.037160920611440149e-03
2.565207000000000015e+00 7.098454420611440344e-03
2.567769000000000190e+00 7.016312420611440018e-03
2.570333000000000201e+00 6.921434920611440125e-03
2.572899000000000047e+00 6.987942420611440233e-03
2.575468000000000313e+00 6.946931420611440582e-03
2.578040000000000109e+00 6.958566920611440609e-03
2.580613999999999741e+00 6.980579420611440419e-03
2.583191000000000237e+00 6.990270920611440196e-03
2.585769999999999680e+00 6.948201420611439978e-03
2.588351999999999986e+00 7.162934920611440520e-03
2.590936999999999824e+00 6.965968920611439845e-03
2.593523999999999941e+00 6.979879920611439977e-03
2.596114000000000033e+00 6.956555920611440062e-03
2.598705999999999960e+00 6.980070420611439452e-03
2.601300999999999863e+00 6.977151420611439787e-03
2.603898999999999742e+00 6.989860920611440029e-03
2.606499000000000343e+00 7.028872920611439756e-03
2.609100999999999893e+00 6.970580920611440037e-03
2.611707000000000001e+00 6.980847420611439869e-03
2.614314999999999944e+00 7.021402920611439884e-03
2.616924999999999724e+00 7.100736920611440232e-03
2.619537999999999922e+00 6.968718920611439993e-03
2.622154000000000096e+00 6.924502420611439689e-03
2.624772000000000105e+00 7.027272920611440585e-03
2.627393000000000089e+00 6.985736420611439977e-03
2.630017000000000049e+00 6.985962420611439849e-03
2.632643000000000288e+00 6.952668420611440164e-03
2.635272000000000059e+00 6.928422920611440432e-03
2.637903000000000109e+00 6.958315920611440018e-03
2.640537000000000134e+00 7.188602920611440045e-03
2.643174000000000134e+00 7.038527920611440530e-03
2.645812999999999970e+00 7.077306420611439997e-03
2.648454999999999782e+00 6.922570420611440060e-03
2.651100000000000012e+00 6.946079920611440348e-03
2.653747000000000078e+00 6.946240420611440002e-03
2.656396999999999675e+00 7.003923920611439952e-03
2.659048999999999996e+00 6.960387920611440550e-03
2.661703999999999848e+00 6.984219920611440223e-03
2.664362000000000119e+00 6.979132920611440249e-03
2.667022999999999922e+00 7.038514920611440434e-03
2.669686000000000003e+00 6.994401420611440559e-03
2.672351000000000365e+00 6.994378420611440522e-03
2.675019999999999953e+00 6.961957920611440767e-03
2.677691000000000265e+00 7.001761920611439954e-03
2.680364999999999664e+00 6.951431420611440745e-03
2.683041000000000231e+00 6.995642920611440212e-03
2.685719999999999885e+00 7.080467920611440390e-03
2.688401999999999958e+00 6.957422420611440207e-03
2.691087000000000007e+00 7.046082920611439898e-03
2.693773999999999891e+00 7.100699420611440021e-03
2.696464000000000194e+00 6.990811920611440800e-03
2.699155999999999889e+00 7.069756920611440336e-03
2.701851000000000003e+00 6.944980420611440546e-03
2.704549000000000092e+00 6.939583920611440415e-03
2.707250000000000156e+00 7.011829920611440184e-03
2.709953000000000056e+00 6.970863920611440265e-03
2.712658999999999931e+00 6.993309920611440016e-03
2.715367999999999782e+00 6.952723920611440442e-03
2.718078999999999912e+00 6.940295920611440350e-03
2.720793000000000017e+00 7.012706420611440269e-03
2.723510000000000097e+00 6.974924420611440176e-03
2.726229999999999709e+00 6.971266920611439780e-03
2.728952000000000044e+00 7.025606420611439987e-03
2.731676999999999911e+00 6.994371420611439870e-03
2.734404999999999752e+00 6.973518420611440373e-03
2.737134999999999874e+00 6.944062920611440357e-03
2.739868000000000414e+00 6.998874420611440189e-03
2.742604000000000042e+00 6.950655920611440407e-03
2.745343000000000089e+00 7.010495920611439780e-03
2.748083999999999971e+00 6.973202420611440168e-03
2.750827999999999829e+00 6.959800920611439873e-03
2.753575000000000106e+00 6.970422920611439935e-03
2.756324000000000218e+00 6.930518920611440474e-03
2.759077000000000002e+00 6.926783420611440367e-03
2.761832000000000065e+00 6.961116420611439606e-03
2.764588999999999963e+00 6.935783920611440431e-03
2.767349999999999977e+00 6.962727920611439664e-03
2.770113000000000270e+00 7.022282420611440125e-03
2.772878999999999650e+00 6.974505920611440146e-03
2.775647999999999893e+00 6.956763920611439868e-03
2.778420000000000112e+00 7.024175420611440332e-03
2.781194000000000166e+00 7.067916420611440251e-03
2.783971000000000195e+00 6.950132920611439870e-03
2.786750999999999756e+00 6.970341920611440069e-03
2.789533999999999736e+00 6.975757920611440344e-03
2.792318999999999996e+00 6.965891920611439608e-03
2.795107000000000230e+00 6.935327920611440190e-03
2.797897999999999996e+00 7.026065920611440120e-03
2.800691999999999737e+00 7.075761920611440235e-03
2.803488999999999898e+00 7.005710920611440441e-03
2.806287999999999894e+00 7.060042920611440259e-03
2.809089999999999865e+00 6.949693920611440222e-03
2.811895000000000255e+00 6.974404420611439795e-03
2.814702999999999733e+00 7.224263420611439640e-03
2.817514000000000074e+00 7.030699920611440008e-03
2.820326999999999806e+00 7.001842920611440688e-03
2.823142999999999958e+00 7.056223420611440131e-03
2.825962000000000085e+00 7.051631920611440424e-03
2.828783999999999743e+00 6.921738920611439708e-03
2.831609000000000265e+00 7.009379920611439989e-03
2.834436000000000178e+00 6.969839920611439754e-03
2.837267000000000206e+00 7.047575420611440142e-03
2.840100000000000069e+00 6.998700920611440439e-03
2.842935999999999908e+00 7.078031920611439765e-03
2.845774000000000026e+00 6.969704920611439689e-03
2.848616000000000259e+00 7.194531920611440048e-03
2.851461000000000023e+00 6.952369920611440289e-03
2.854308000000000067e+00 7.009086420611440084e-03
2.857158000000000087e+00 6.995633920611440612e-03
2.860010999999999637e+00 7.095614420611439863e-03
2.862867000000000051e+00 6.947259920611440279e-03
2.865724999999999856e+00 7.026469920611439976e-03
2.868586999999999776e+00 6.966849420611440427e-03
2.871450999999999976e+00 7.017096920611439956e-03
2.874318999999999846e+00 6.966308420611439824e-03
2.877188999999999997e+00 6.949119420611439904e-03
2.880062000000000122e+00 6.925753420611440413e-03
2.882938000000000223e+00 6.961762920611440190e-03
2.885816000000000159e+00 6.988266920611440301e-03
2.888697999999999766e+00 7.020304920611440160e-03
2.891582000000000097e+00 6.984411920611440644e-03
2.894470000000000098e+00 6.928602920611440230e-03
2.897359999999999935e+00 7.072963920611440199e-03
2.900253000000000192e+00 7.085159420611440370e-03
2.903148999999999980e+00 6.984744920611440575e-03
2.906047999999999742e+00 6.943760920611439721e-03
2.908949999999999925e+00 7.021557420611440094e-03
2.911853999999999942e+00 7.009233920611439642e-03
2.914761999999999631e+00 7.007524420611439993e-03
2.917672999999999739e+00 6.968327420611439629e-03
2.920586000000000126e+00 6.939401920611439935e-03
2.923502000000000045e+00 7.003048920611439944e-03
2.926420999999999939e+00 7.067252920611439941e-03
2.929343999999999948e+00 6.941742420611440520e-03
2.932269000000000236e+00 6.997607920611440685e-03
2.935197000000000056e+00 6.940829420611440564e-03
2.938127999999999851e+00 7.063607420611440167e-03
2.941060999999999925e+00 6.931606420611439653e-03
2.943998000000000115e+00 6.924567920611439907e-03
2.946937999999999835e+00 6.961075920611440107e-03
2.949880000000000280e+00 6.984201920611440156e-03
2.952825999999999951e+00 6.966470920611440160e-03
2.955775000000000041e+00 6.994713920611440004e-03
2.958725999999999967e+00 7.011534920611440201e-03
2.961679999999999868e+00 6.996335420611440002e-03
2.964638000000000329e+00 6.906117920611440190e-03
2.967598000000000180e+00 7.056605920611440028e-03
2.970561000000000007e+00 6.918034920611440368e-03
2.973527000000000253e+00 6.995979420611440035e-03
2.976496999999999726e+00 6.959708920611439725e-03
2.979468999999999923e+00 6.965782920611440603e-03
2.982444000000000095e+00 7.016750920611439929e-03
2.985421999999999798e+00 6.943284420611440730e-03
2.988402999999999921e+00 6.961420920611440660e-03
2.991387000000000018e+00 7.069318920611440162e-03
2.994374000000000091e+00 6.974275420611440041e-03
2.997364000000000139e+00 6.979397920611439543e-03
3.000357000000000163e+00 7.010005420611440351e-03
3.003353000000000161e+00 6.959077420611439919e-03
3.006352000000000135e+00 7.093762420611439759e-03
3.009354000000000084e+00 7.081339420611440505e-03
3.012359000000000009e+00 6.960259920611440269e-03
3.015366999999999909e+00 6.952302420611440256e-03
3.018377999999999783e+00 7.043203420611440259e-03
3.021392000000000078e+00 7.003937420611439785e-03
3.024408999999999903e+00 6.935678920611440187e-03
3.027429000000000148e+00 6.980961920611440316e-03
3.030451999999999924e+00 6.934713420611440110e-03
3.033478000000000119e+00 7.084369420611439858e-03
3.036506999999999845e+00 6.925548920611439632e-03
3.039538999999999991e+00 6.925613920611440114e-03
3.042574000000000112e+00 6.973863420611440059e-03
3.045612000000000208e+00 6.948290420611439970e-03
3.048652999999999835e+00 6.962697420611440105e-03
3.051696999999999882e+00 6.965913420611440435e-03
3.054745000000000044e+00 6.982523420611440670e-03
3.057795000000000041e+00 6.913133920611439637e-03
3.060848000000000013e+00 6.939469420611439968e-03
3.063905000000000101e+00 6.943722920611440641e-03
3.066964000000000024e+00 6.979495420611440265e-03
3.070025999999999922e+00 6.986430420611439845e-03
3.073091999999999935e+00 6.936294420611440609e-03
3.076160999999999923e+00 7.056219420611440502e-03
3.079232000000000191e+00 6.976281920611440354e-03
3.082307000000000130e+00 6.935396420611439697e-03
3.085385000000000044e+00 7.037411920611439872e-03
3.088465999999999934e+00 6.939389920611440180e-03
3.091550000000000242e+00 7.007060420611440493e-03
3.094637000000000082e+00 6.985251420611440255e-03
3.097726999999999897e+00 6.937515920611439513e-03
3.100820000000000132e+00 6.946897920611440000e-03
3.103915999999999897e+00 7.082004420611440025e-03
3.107016000000000222e+00 6.951071920611440018e-03
3.110118000000000382e+00 7.048232920611440140e-03
3.113223999999999769e+00 6.970049920611440242e-03
3.116332000000000324e+00 7.174261420611440128e-03
3.119444000000000106e+00 6.949135920611439893e-03
3.122558999999999862e+00 6.981309420611440421e-03
3.125677000000000039e+00 7.074528920611440445e-03
3.128797999999999746e+00 7.008393920611440293e-03
3.131921999999999873e+00 7.048794920611440099e-03
3.135050000000000114e+00 7.039094420611439855e-03
3.138180000000000192e+00 7.017324920611440510e-03
3.141313999999999940e+00 7.016897420611440013e-03
3.144449999999999967e+00 6.996633420611440141e-03
3.147589999999999666e+00 7.030980420611439817e-03
3.150733000000000228e+00 6.983393920611440445e-03
3.153878999999999877e+00 6.979465420611440443e-03
3.157029000000000085e+00 7.052889420611440328e-03
3.160181000000000129e+00 7.021939920611439991e-03
3.163336999999999843e+00 7.059699920611440388e-03
3.166495000000000282e+00 7.153539920611439937e-03
3.169657000000000391e+00 7.001523420611440590e-03
3.172822000000000031e+00 7.000105420611440164e-03
3.175990000000000091e+00 6.942104920611440536e-03
3.179162000000000265e+00 7.005824420611440548e-03
3.182336000000000276e+00 6.994811420611439859e-03
3.185514000000000401e+00 7.056274420611440175e-03
3.188695000000000057e+00 6.975638420611439926e-03
3.191879000000000133e+00 6.985039920611440557e-03
3.195066000000000184e+00 7.158337920611440239e-03
3.198256000000000210e+00 6.989158920611440035e-03
3.201449999999999907e+00 6.999562920611440350e-03
3.204647000000000023e+00 6.969781420611440188e-03
3.207846999999999671e+00 6.978202420611439964e-03
3.211049999999999738e+00 7.028634420611440392e-03
3.214255999999999780e+00 7.041693920611440290e-03
3.217465999999999937e+00 7.143340920611440138e-03
3.220679000000000070e+00 7.036379920611440103e-03
3.223894000000000037e+00 7.058243920611440014e-03
3.227113999999999816e+00 6.999000920611440392e-03
3.230335999999999874e+00 7.243803920611440426e-03
3.233562000000000047e+00 7.047051420611440131e-03
3.236789999999999612e+00 6.967407920611439626e-03
3.240022999999999875e+00 7.025232920611440557e-03
3.243257999999999974e+00 7.089422920611440117e-03
3.246496000000000048e+00 6.973232420611439990e-03
3.249738000000000238e+00 7.051727420611440464e-03
3.252983000000000402e+00 6.984582920611439975e-03
3.256231000000000098e+00 7.066385420611440323e-03
3.259482999999999908e+00 7.004556920611439835e-03
3.262736999999999998e+00 7.033804420611440046e-03
3.265994999999999759e+00 6.951806920611439990e-03
3.269257000000000080e+00 7.014712420611439979e-03
3.272520999999999791e+00 6.981525420611440352e-03
3.275789000000000062e+00 7.014916920611439892e-03
3.279059999999999864e+00 6.992226920611440202e-03
3.282334000000000085e+00 6.953805420611440177e-03
3.285611999999999977e+00 7.048468420611440216e-03
3.288892000000000149e+00 6.965059420611440649e-03
3.292177000000000131e+00 7.013633420611439795e-03
3.295463999999999949e+00 6.988741920611440082e-03
3.298754999999999882e+00 6.994257920611439763e-03
3.302048000000000094e+00 6.954210920611440111e-03
3.305346000000000117e+00 7.004609920611439694e-03
3.308645999999999976e+00 6.981353920611440417e-03
3.311949999999999950e+00 7.128831420611440178e-03
3.315257000000000343e+00 7.036139420611440057e-03
3.318567999999999962e+00 7.030203920611440005e-03
3.321880999999999862e+00 7.313045920611440168e-03
3.325197999999999876e+00 7.255413420611440262e-03
3.328519000000000005e+00 7.208051420611439816e-03
3.331841999999999970e+00 7.167165920611440026e-03
3.335169000000000050e+00 7.097109920611440262e-03
3.338499999999999801e+00 7.004807920611440426e-03
3.341833000000000276e+00 7.080488420611440008e-03
3.345169999999999977e+00 7.008415420611440252e-03
3.348510000000000097e+00 7.069093920611439763e-03
3.351853999999999889e+00 6.986858920611439816e-03
3.355201000000000100e+00 6.988530920611440121e-03
3.358550999999999842e+00 7.024218420611440250e-03
3.361904999999999699e+00 6.960541420611440419e-03
3.365261999999999976e+00 6.976730920611439943e-03
3.368621999999999783e+00 7.321431420611439547e-03
3.371986000000000150e+00 7.030095920611440473e-03
3.375353000000000048e+00 7.022262920611439981e-03
3.378722999999999921e+00 6.995807420611440362e-03
3.382096999999999909e+00 7.006260920611439777e-03
3.385474000000000316e+00 6.998595420611439591e-03
3.388854999999999951e+00 7.013666420611439772e-03
3.392239000000000004e+00 7.057079920611440335e-03
3.395626000000000033e+00 7.086353920611440475e-03
3.399016999999999733e+00 6.996758920611440002e-03
3.402410999999999852e+00 6.988516420611439947e-03
3.405807999999999947e+00 7.001245420611440333e-03
3.409209000000000156e+00 7.012913420611440601e-03
3.412612999999999897e+00 7.076735920611440175e-03
3.416020999999999752e+00 7.027231920611439614e-03
3.419432000000000027e+00 7.122226420611440373e-03
3.422846000000000277e+00 6.990344920611440277e-03
3.426264000000000198e+00 7.039444420611440378e-03
3.429685000000000095e+00 7.068436420611439765e-03
3.433110000000000106e+00 6.998348920611440101e-03
3.436537999999999649e+00 7.000923420611440684e-03
3.439970000000000194e+00 7.051551920611440032e-03
3.443404000000000131e+00 7.011076920611440146e-03
3.446842999999999879e+00 7.000161420611440179e-03
3.450285000000000046e+00 6.961533920611440163e-03
3.453730000000000189e+00 7.078785920611440144e-03
3.457179000000000002e+00 7.055889420611439859e-03
3.460631000000000235e+00 7.015412920611439895e-03
3.464085999999999999e+00 7.051966920611440169e-03
3.467544999999999877e+00 6.967370920611440019e-03
3.471008000000000315e+00 7.012831420611440394e-03
3.474474000000000284e+00 6.986686920611440144e-03
3.477942999999999785e+00 7.003419920611439822e-03
3.481415999999999844e+00 6.997376920611439975e-03
3.484891999999999879e+00 6.961645420611440455e-03
3.488372000000000028e+00 7.072094420611439898e-03
3.491854999999999709e+00 7.110573420611440015e-03
3.495341999999999949e+00 7.056141920611440528e-03
3.498831999999999720e+00 6.995911420611440265e-03
3.502326000000000050e+00 7.033355920611440194e-03
3.505822999999999912e+00 7.124161420611440157e-03
3.509323999999999888e+00 6.933394920611440221e-03
3.512827999999999840e+00 6.949496920611440698e-03
3.516335999999999906e+00 6.965961920611440060e-03
3.519846999999999948e+00 6.952084920611440247e-03
3.523361999999999661e+00 6.961284420611439649e-03
3.526879999999999793e+00 6.999917920611439977e-03
3.530402000000000040e+00 6.986234420611440663e-03
3.533926999999999818e+00 7.055417420611440234e-03
3.537456000000000156e+00 7.031581420611440064e-03
3.540988000000000024e+00 7.129085420611440058e-03
3.544524000000000008e+00 7.027105420611440278e-03
3.548062999999999967e+00 6.958748920611440222e-03
3.551606000000000041e+00 6.994376920611439577e-03
3.555151999999999646e+00 6.955684920611439684e-03
3.558701999999999810e+00 6.961073920611440292e-03
3.562255999999999645e+00 6.953262420611439759e-03
3.565812999999999899e+00 6.961992420611439955e-03
3.569373000000000129e+00 7.077973420611440199e-03
3.572937999999999725e+00 7.021459420611440502e-03
3.576505000000000045e+00 7.021953420611439824e-03
3.580076999999999732e+00 6.986543420611440215e-03
3.583650999999999698e+00 7.054559920611439688e-03
3.587229999999999919e+00 6.969861920611440317e-03
3.590812000000000115e+00 7.046084920611440580e-03
3.594396999999999842e+00 7.019990420611440032e-03
3.597986000000000129e+00 6.968318920611440634e-03
3.601579000000000086e+00 7.033170920611440426e-03
3.605175000000000018e+00 7.039291420611440246e-03
3.608775000000000066e+00 7.095760920611440814e-03
3.612378999999999785e+00 7.086439420611439707e-03
3.615985999999999922e+00 6.989693920611440327e-03
3.619597000000000175e+00 6.964451920611440354e-03
3.623210999999999959e+00 7.056755920611440004e-03
3.626828999999999859e+00 7.013119420611439725e-03
3.630450000000000177e+00 6.984155420611440346e-03
3.634075999999999862e+00 7.081978920611440437e-03
3.637703999999999827e+00 6.953185420611440390e-03
3.641337000000000046e+00 6.967423920611439878e-03
3.644973000000000241e+00 6.941533920611440110e-03
3.648611999999999966e+00 6.981101420611439748e-03
3.652255999999999947e+00 7.017882920611439972e-03
3.655902999999999903e+00 6.977378920611439737e-03
3.659552999999999834e+00 7.041469420611439628e-03
3.663206999999999880e+00 7.015919420611440444e-03
3.666865000000000041e+00 6.948441420611440288e-03
3.670526999999999873e+00 7.027285420611440077e-03
3.674192000000000125e+00 6.957060920611440533e-03
3.677861000000000047e+00 6.917691420611439893e-03
3.681532999999999944e+00 6.991433420611439797e-03
3.685208999999999957e+00 6.935542920611440648e-03
3.688888999999999641e+00 6.934125920611440563e-03
3.692572999999999883e+00 6.958355420611440044e-03
3.696259999999999657e+00 6.923061920611440698e-03
3.699950999999999990e+00 6.952393420611440063e-03
3.703645000000000298e+00 6.958635920611439853e-03
3.707343000000000277e+00 6.973171920611439742e-03
3.711044999999999927e+00 6.988259420611439912e-03
3.714751000000000136e+00 6.944602920611440619e-03
3.718459999999999877e+00 7.008774920611440112e-03
3.722173000000000176e+00 6.981631920611439807e-03
3.725889999999999702e+00 7.068819920611440003e-03
3.729610000000000092e+00 6.936211420611440061e-03
3.733334999999999848e+00 6.950433420611440427e-03
3.737061999999999884e+00 7.029226920611440776e-03
3.740794000000000175e+00 7.066108920611440143e-03
3.744528999999999996e+00 7.017556920611440693e-03
3.748267999999999933e+00 6.954958420611440442e-03
3.752010999999999985e+00 6.941648420611439690e-03
3.755757999999999708e+00 6.959794920611440429e-03
3.759507999999999850e+00 7.002616920611440081e-03
3.763261999999999663e+00 7.018789920611440483e-03
3.767019999999999591e+00 6.977466920611440256e-03
3.770780999999999938e+00 7.060024920611440193e-03
3.774545999999999957e+00 7.088095920611440365e-03
3.778315000000000090e+00 7.082740420611440338e-03
3.782087999999999894e+00 6.996727420611440103e-03
3.785865000000000258e+00 6.953973920611439957e-03
3.789644999999999708e+00 6.944496420611440297e-03
3.793429000000000162e+00 7.006702420611439844e-03
3.797217000000000287e+00 6.949229920611439855e-03
3.801009000000000082e+00 6.939786920611440250e-03
3.804804000000000297e+00 7.060737920611440468e-03
3.808603000000000183e+00 6.906995920611440354e-03
3.812407000000000323e+00 7.011251920611439974e-03
3.816212999999999855e+00 6.901322920611440044e-03
3.820023999999999642e+00 6.926997420611440484e-03
3.823838000000000292e+00 6.939433920611440439e-03
3.827656999999999865e+00 6.945772920611440610e-03
3.831478999999999857e+00 6.924083920611440526e-03
3.835304999999999964e+00 7.025177420611440279e-03
3.839134000000000047e+00 6.925384420611440349e-03
3.842968000000000384e+00 7.089279920611439925e-03
3.846804999999999808e+00 7.031831420611440314e-03
3.850646000000000235e+00 7.081856920611440467e-03
3.854490999999999445e+00 6.932600920611440079e-03
3.858340000000000103e+00 7.032521920611440290e-03
3.862192999999999987e+00 6.918021920611440272e-03
3.866048999999999847e+00 6.993303920611439704e-03
3.869909999999999961e+00 7.013459920611440045e-03
3.873773999999999607e+00 7.073091920611439612e-03
3.877641999999999811e+00 6.922184920611440008e-03
3.881514000000000131e+00 6.998494920611440448e-03
3.885390000000000121e+00 7.030432920611440033e-03
3.889269999999999783e+00 6.955021420611440242e-03
3.893152999999999864e+00 6.995668920611439537e-03
3.897040999999999755e+00 7.074008420611440327e-03
3.900932000000000066e+00 7.005626420611440683e-03
3.904827000000000048e+00 7.011291420611439999e-03
3.908725999999999701e+00 6.930006420611440482e-03
3.912628999999999913e+00 6.947458420611439880e-03
3.916535999999999795e+00 7.038771420611440732e-03
3.920446999999999793e+00 6.929756920611439969e-03
3.924362000000000350e+00 6.925207920611440443e-03
3.928279999999999550e+00 6.929790920611440287e-03
3.932202999999999893e+00 6.969938420611439950e-03
3.936128999999999767e+00 6.984111420611440087e-03
3.940060000000000340e+00 6.939184920611440530e-03
3.943994000000000000e+00 6.897916920611439975e-03
3.947931999999999775e+00 6.924242420611440366e-03
3.951874000000000109e+00 6.990567920611439993e-03
3.955821000000000254e+00 6.942822920611439914e-03
3.959770999999999486e+00 6.929842920611439805e-03
3.963724999999999721e+00 6.920287920611440172e-03
3.967683000000000515e+00 6.996745420611440169e-03
3.971643999999999952e+00 6.927492920611439883e-03
3.975610000000000532e+00 6.935124920611440355e-03
3.979580000000000339e+00 6.939303420611440607e-03
3.983554000000000261e+00 6.938286920611439618e-03
3.987532000000000298e+00 6.915991920611440184e-03
3.991513000000000311e+00 6.881754420611440118e-03
3.995498999999999690e+00 6.920217420611439983e-03
3.999489000000000516e+00 6.967448420611439992e-03
4.003481999999999985e+00 6.898939420611440408e-03
4.007479999999999265e+00 6.947486420611439888e-03
4.011480999999999852e+00 6.961420420611440056e-03
4.015487000000000251e+00 6.894264420611440417e-03
4.019497000000000320e+00 6.951724420611440046e-03
4.023510000000000808e+00 6.947967920611439717e-03
4.027528000000000219e+00 6.954967420611440042e-03
4.031550000000000189e+00 6.924023420611440278e-03
4.035574999999999690e+00 6.916830920611440059e-03
4.039604999999999890e+00 6.891011420611440480e-03
4.043638999999999761e+00 6.978354420611439755e-03
4.047676000000000052e+00 6.916921920611439865e-03
4.051718000000000153e+00 6.935353420611439779e-03
4.055763999999999925e+00 6.994743420611440089e-03
4.059813999999999368e+00 6.903344420611440269e-03
4.063868000000000258e+00 6.954196920611440541e-03
4.067924999999999791e+00 6.980210920611440092e-03
4.071987000000000023e+00 6.967657420611440139e-03
4.076052999999999926e+00 6.901980420611440042e-03
4.080123999999999640e+00 6.927887920611440140e-03
4.084197999999999773e+00 6.893139420611440159e-03
4.088275999999999577e+00 6.911597920611439738e-03
4.092357999999999940e+00 7.060339920611440057e-03
4.096445000000000114e+00 6.905547420611440369e-03
4.100534999999999819e+00 6.932432920611440036e-03
4.104630000000000223e+00 6.965604420611440015e-03
4.108728000000000158e+00 6.898063920611440664e-03
4.112830999999999904e+00 7.028470420611439978e-03
4.116938000000000208e+00 6.898514920611440067e-03
4.121049000000000184e+00 6.878463920611439970e-03
4.125163999999999831e+00 6.909564920611440363e-03
4.129283000000000037e+00 6.893285920611440243e-03
4.133405999999999914e+00 6.906725420611440486e-03
4.137533000000000349e+00 6.892986920611439763e-03
4.141664999999999708e+00 6.896602420611439715e-03
4.145800000000000374e+00 6.921710420611440831e-03
4.149939999999999962e+00 6.884455420611440037e-03
4.154084000000000110e+00 6.888649920611440540e-03
4.158231999999999928e+00 6.970458420611440331e-03
4.162383999999999418e+00 6.953206420611439745e-03
4.166541000000000494e+00 6.916130420611440142e-03
4.170701000000000214e+00 6.895281920611440012e-03
4.174865999999999744e+00 7.056985420611439769e-03
4.179033999999999693e+00 6.895231920611440309e-03
4.183207000000000342e+00 6.932621420611439697e-03
4.187384000000000661e+00 6.872078420611439989e-03
4.191565999999999903e+00 7.146449420611439805e-03
4.195750999999999564e+00 6.950211420611440184e-03
4.199940999999999924e+00 6.938763420611440344e-03
4.204133999999999816e+00 7.011375920611439758e-03
4.208332000000000406e+00 6.942733920611440790e-03
4.212534999999999918e+00 6.878467420611439863e-03
4.216740999999999850e+00 6.917808420611440759e-03
4.220952000000000481e+00 6.974898920611439720e-03
4.225165999999999755e+00 6.963137420611440094e-03
4.229385000000000616e+00 6.903384920611439768e-03
4.233607999999999372e+00 6.875974420611439750e-03
4.237835999999999714e+00 6.889034920611439988e-03
4.242068000000000616e+00 6.887395420611439924e-03
4.246303000000000161e+00 6.902122420611439893e-03
4.250543999999999656e+00 6.888319420611440161e-03
4.254787999999999570e+00 6.870290920611440630e-03
4.259036000000000044e+00 6.984955420611439932e-03
4.263289000000000328e+00 6.985542420611440609e-03
4.267546000000000284e+00 6.940540420611440026e-03
4.271808000000000050e+00 6.890061420611440050e-03
4.276073000000000235e+00 6.965494920611440405e-03
4.280342999999999343e+00 6.879659420611440417e-03
4.284616999999999898e+00 6.930162920611439639e-03
4.288895000000000124e+00 6.931785920611440582e-03
4.293177999999999273e+00 6.938381420611440184e-03
4.297464999999999868e+00 6.906038420611439535e-03
4.301755999999999247e+00 6.876678920611440163e-03
4.306051999999999325e+00 6.888517920611439763e-03
4.310351000000000710e+00 6.934936920611440431e-03
4.314655000000000129e+00 7.002776920611439998e-03
4.318964000000000247e+00 6.898185420611440029e-03
4.323275999999999897e+00 6.918104920611439952e-03
4.327593000000000245e+00 6.865228920611440508e-03
4.331915000000000404e+00 6.874841920611439970e-03
4.336240000000000094e+00 6.921505420611440314e-03
4.340569999999999595e+00 6.875095420611440113e-03
4.344903999999999655e+00 6.896395920611439988e-03
4.349242999999999526e+00 6.920698920611440680e-03
4.353585999999999956e+00 6.885223420611439986e-03
4.357933000000000057e+00 6.872056420611440293e-03
4.362283999999999828e+00 6.874395420611439933e-03
4.366640000000000299e+00 6.909075420611440407e-03
4.371001000000000580e+00 6.865725920611439985e-03
4.375364999999999505e+00 6.894408920611440686e-03
4.379734000000000016e+00 6.876730920611440548e-03
4.384107000000000198e+00 6.919819920611440175e-03
4.388485000000000191e+00 6.868279420611440346e-03
4.392866999999999855e+00 6.905964920611440058e-03
4.397254000000000218e+00 6.933564920611440079e-03
4.401644000000000112e+00 6.892517420611440557e-03
4.406039999999999957e+00 6.863920920611440296e-03
4.410439000000000220e+00 6.863626420611440050e-03
4.414842999999999407e+00 6.913800920611439839e-03
4.419251999999999292e+00 6.854720420611439685e-03
4.423664000000000485e+00 6.927428420611440006e-03
4.428081999999999852e+00 6.864400420611440311e-03
4.432503000000000526e+00 6.931338420611440204e-03
4.436929000000000123e+00 6.933573920611440546e-03
4.441360000000000419e+00 6.880968920611440706e-03
4.445795000000000385e+00 6.877350920611440335e-03
4.450234000000000023e+00 6.884299920611440353e-03
4.454677999999999471e+00 6.867730920611440221e-03
4.459125999999999479e+00 6.876652920611439970e-03
4.463578000000000046e+00 6.870595420611439949e-03
4.468035000000000423e+00 6.896571920611440157e-03
4.472496999999999723e+00 6.881281420611440151e-03
4.476963000000000470e+00 6.872744420611439850e-03
4.481433000000000000e+00 6.890007420611439851e-03
4.485908000000000229e+00 6.896651920611439682e-03
4.490386999999999240e+00 6.869836420611440467e-03
4.494870999999999839e+00 6.923729420611439769e-03
4.499360000000000248e+00 6.860890420611440339e-03
4.503851999999999300e+00 6.882415420611440009e-03
4.508350000000000080e+00 6.871191920611439963e-03
4.512850999999999502e+00 6.900716920611439827e-03
4.517358000000000651e+00 6.866575920611440141e-03
4.521867999999999554e+00 7.046589420611440446e-03
4.526384000000000185e+00 6.880584920611439864e-03
4.530903000000000347e+00 6.878661920611440703e-03
4.535427999999999571e+00 6.924624420611440526e-03
4.539956000000000103e+00 6.880227920611440423e-03
4.544489999999999696e+00 6.884438420611440311e-03
4.549027999999999849e+00 6.866187420611439933e-03
4.553570000000000562e+00 6.892564920611439841e-03
4.558117000000000196e+00 6.858563920611440191e-03
4.562668000000000390e+00 6.937930920611440518e-03
4.567223999999999506e+00 6.888622420611440270e-03
4.571785000000000210e+00 6.901815420611440155e-03
4.576349999999999696e+00 6.872817420611439590e-03
4.580919999999999881e+00 6.858088920611440410e-03
4.585493999999999737e+00 6.869139920611440180e-03
4.590072999999999404e+00 6.868703920611439820e-03
4.594655999999999629e+00 6.861024920611439801e-03
4.599244000000000554e+00 6.859277920611439941e-03
4.603836000000000261e+00 6.939814920611440258e-03
4.608433999999999919e+00 6.845334420611439569e-03
4.613034999999999997e+00 6.884692420611440190e-03
4.617642000000000024e+00 6.860134920611439882e-03
4.622252000000000471e+00 6.962686420611439823e-03
4.626867999999999981e+00 6.890542920611440747e-03
4.631488000000000049e+00 6.853974420611440299e-03
4.636112999999999928e+00 6.873164420611439958e-03
4.640742000000000367e+00 6.882370920611440013e-03
4.645375999999999728e+00 6.910182920611440335e-03
4.650014999999999787e+00 6.859731420611440630e-03
4.654657999999999518e+00 6.927638420611440494e-03
4.659305999999999948e+00 6.873036420611440545e-03
4.663958000000000048e+00 6.859363920611439777e-03
4.668614999999999959e+00 6.861741420611439969e-03
4.673277000000000569e+00 6.978417420611440422e-03
4.677942999999999962e+00 6.891849420611440014e-03
4.682615000000000194e+00 6.891672920611440108e-03
4.687289999999999957e+00 6.851644420611440259e-03
4.691970999999999670e+00 6.869639920611439812e-03
4.696655999999999942e+00 6.856707920611439591e-03
4.701346000000000025e+00 6.859080920611440417e-03
4.706039999999999779e+00 6.949827420611440210e-03
4.710738999999999344e+00 6.936166420611440328e-03
4.715442999999999607e+00 6.846998920611440352e-03
4.720151999999999681e+00 6.935435920611440590e-03
4.724865000000000315e+00 6.895885920611440414e-03
4.729582999999999871e+00 6.900107920611440321e-03
4.734306000000000125e+00 6.945614420611439903e-03
4.739033000000000051e+00 6.873628920611440062e-03
4.743765000000000676e+00 6.885666920611439867e-03
4.748502000000000223e+00 6.874556420611440191e-03
4.753242999999999441e+00 6.870318920611439770e-03
4.757990000000000386e+00 6.858032420611439792e-03
4.762741000000000113e+00 6.861894420611440101e-03
4.767496999999999652e+00 6.896227920611439945e-03
4.772256999999999749e+00 7.023250420611439754e-03
4.777022000000000546e+00 6.951414420611440152e-03
4.781792000000000264e+00 6.898130420611440355e-03
4.786566999999999794e+00 6.867617420611440114e-03
4.791347000000000023e+00 6.892309920611440488e-03
4.796130999999999922e+00 6.910321420611440293e-03
4.800919999999999632e+00 6.899292420611440220e-03
4.805714000000000041e+00 6.861484420611439934e-03
4.810512999999999373e+00 6.920434420611440256e-03
4.815316000000000152e+00 6.925311420611439742e-03
4.820123999999999853e+00 6.892710420611439584e-03
4.824938000000000393e+00 7.085064420611440067e-03
4.829755000000000464e+00 6.875795420611440292e-03
4.834578000000000486e+00 6.877480920611440431e-03
4.839406000000000319e+00 6.920622420611440180e-03
4.844237999999999822e+00 6.850000420611439961e-03
4.849075000000000024e+00 6.868550420611439951e-03
4.853917000000000037e+00 6.875149420611440312e-03
4.858763999999999861e+00 6.880031420611439769e-03
4.863615999999999495e+00 6.973503920611440199e-03
4.868472000000000577e+00 6.886207920611440471e-03
4.873332999999999693e+00 6.892352420611439802e-03
4.878200000000000536e+00 6.857949420611440111e-03
4.883071000000000161e+00 6.868387920611439615e-03
4.887946999999999598e+00 6.859327420611439907e-03
4.892826999999999593e+00 6.875535420611440102e-03
4.897713000000000427e+00 6.941340420611440479e-03
4.902604000000000184e+00 6.868246420611440368e-03
4.907498999999999612e+00 6.926782420611440026e-03
4.912399000000000626e+00 6.879273920611440364e-03
4.917304999999999815e+00 6.871915420611439916e-03
4.922215000000000451e+00 6.855639420611439952e-03
4.927130000000000010e+00 6.865356920611439921e-03
4.932049999999999379e+00 6.912503420611440172e-03
4.936974000000000196e+00 6.866270920611440218e-03
4.941904000000000075e+00 6.933326420611439847e-03
4.946838999999999764e+00 6.863047920611440103e-03
4.951778000000000013e+00 6.941106420611440481e-03
4.956723000000000212e+00 6.934249420611439743e-03
4.961672000000000082e+00 6.859893420611440362e-03
4.966626999999999903e+00 6.863592420611439732e-03
4.971586000000000283e+00 6.870317420611440559e-03
4.976550999999999725e+00 6.946767920611439905e-03
4.981520000000000614e+00 6.874968920611439910e-03
4.986493999999999538e+00 6.906213420611440230e-03
4.991473000000000049e+00 6.957887920611440652e-03
4.996457000000000370e+00 6.881443920611440487e-03
5.001447000000000642e+00 6.904243420611439787e-03
5.006440999999999697e+00 6.864729920611440349e-03
5.011440000000000339e+00 6.882048420611439760e-03
5.016443999999999903e+00 6.936406420611440637e-03
5.021453000000000166e+00 6.891134420611439923e-03
5.026466999999999352e+00 6.920396920611440045e-03
5.031486000000000125e+00 6.881702420611439733e-03
5.036509999999999820e+00 6.858367420611440404e-03
5.041540000000000354e+00 6.893971420611440248e-03
5.046573999999999671e+00 6.966493420611440460e-03
5.051612999999999687e+00 6.870109920611440490e-03
5.056657000000000401e+00 6.876656920611439600e-03
5.061706000000000039e+00 6.900849420611440341e-03
5.066761000000000514e+00 6.868216420611439679e-03
5.071819999999999773e+00 6.858909420611439614e-03
5.076883999999999730e+00 6.942721420611440430e-03
5.081953999999999638e+00 6.962462920611440370e-03
5.087028000000000105e+00 6.870587920611440427e-03
5.092108000000000523e+00 6.886131920611439708e-03
5.097192999999999863e+00 6.904873920611440119e-03
5.102281999999999762e+00 6.908538920611440037e-03
5.107376999999999612e+00 6.917762920611440422e-03
5.112477000000000160e+00 6.900117420611440525e-03
5.117581999999999631e+00 6.863211920611440517e-03
5.122691999999999801e+00 6.903338920611439694e-03
5.127807000000000670e+00 6.935136420611440373e-03
5.132928000000000601e+00 6.953397920611440429e-03
5.138052999999999315e+00 6.918435920611440068e-03
5.143183999999999756e+00 6.920512420611439966e-03
5.148318999999999868e+00 6.910463920611439881e-03
5.153459999999999930e+00 6.981670420611440359e-03
5.158605999999999803e+00 6.984764920611440456e-03
5.163757000000000374e+00 6.887322920611440788e-03
5.168913000000000757e+00 6.924881420611440561e-03
5.174075000000000202e+00 6.946190420611440298e-03
5.179241000000000206e+00 6.893406420611440134e-03
5.184412999999999272e+00 6.897270920611439995e-03
5.189590000000000813e+00 6.908425920611440535e-03
5.194771999999999501e+00 6.910548420611440507e-03
5.199958999999999776e+00 7.056045420611440147e-03
5.205150999999999861e+00 6.983481920611440096e-03
5.210348999999999897e+00 6.939159920611439811e-03
5.215550999999999604e+00 6.948349920611440744e-03
5.220759000000000150e+00 6.957461420611440496e-03
5.225971999999999618e+00 6.929305920611439698e-03
5.231191000000000813e+00 6.913793920611440054e-03
5.236413999999999902e+00 6.898867920611440746e-03
5.241642999999999830e+00 6.931590920611440006e-03
5.246877000000000457e+00 6.882744920611440047e-03
5.252116000000000007e+00 6.928962420611440090e-03
5.257360999999999507e+00 6.929172420611440578e-03
5.262610000000000454e+00 6.896539920611439653e-03
5.267865000000000464e+00 6.895287420611439719e-03
5.273124999999999396e+00 6.937071920611439894e-03
5.278391000000000055e+00 7.062486420611440406e-03
5.283662000000000525e+00 6.999031920611440555e-03
5.288936999999999777e+00 6.936794920611439978e-03
5.294219000000000008e+00 6.950566920611440415e-03
5.299504999999999910e+00 6.941808920611440212e-03
5.304796999999999763e+00 6.941816920611440338e-03
5.310093999999999426e+00 6.906915420611440225e-03
5.315395999999999788e+00 6.944667920611440233e-03
5.320704000000000100e+00 6.956825420611440457e-03
5.326017000000000223e+00 6.925799920611440223e-03
5.331335000000000157e+00 6.890048420611439954e-03
5.336658999999999153e+00 6.952817420611439800e-03
5.341987000000000485e+00 6.944373920611439724e-03
5.347322000000000131e+00 6.955668920611440299e-03
5.352661000000000335e+00 6.993824420611439822e-03
5.358005999999999602e+00 6.964890420611440265e-03
5.363355999999999568e+00 7.079981920611440327e-03
5.368712000000000373e+00 6.914073920611440126e-03
5.374071999999999960e+00 6.924696920611440529e-03
5.379438999999999638e+00 6.941285420611439938e-03
5.384810000000000763e+00 6.898760420611440083e-03
5.390187000000000062e+00 6.934164920611439985e-03
5.395569000000000059e+00 7.014144920611440313e-03
5.400957000000000008e+00 6.914623920611440329e-03
5.406350000000000655e+00 6.939861920611439805e-03
5.411749000000000365e+00 7.061492420611440585e-03
5.417151999999999745e+00 7.231718920611440206e-03
5.422562000000000104e+00 6.935034420611440285e-03
5.427976000000000134e+00 6.988143920611439991e-03
5.433396000000000114e+00 6.932071920611440098e-03
5.438822000000000045e+00 6.955031920611439919e-03
5.444253000000000675e+00 6.917769920611440207e-03
5.449688999999999339e+00 7.099578920611439997e-03
5.455131000000000618e+00 6.911903920611440003e-03
5.460577999999999932e+00 6.945313420611439609e-03
5.466029999999999944e+00 7.044560920611439570e-03
5.471487999999999907e+00 6.959915920611440057e-03
5.476951999999999821e+00 6.968409420611439836e-03
5.482421000000000433e+00 6.936802420611440367e-03
5.487894999999999968e+00 6.981086420611439837e-03
5.493374999999999453e+00 6.952512920611440481e-03
5.498859999999999637e+00 6.973641420611440683e-03
