       Wavelength             Transmission
1.000888999999999918e+00 6.798168999999999740e-03
1.001887999999999890e+00 6.584837000000000502e-03
1.002889000000000141e+00 6.545678000000000087e-03
1.003889999999999949e+00 6.716958999999999777e-03
1.004892999999999814e+00 6.468592999999999912e-03
1.005896000000000123e+00 6.574522000000001046e-03
1.006900000000000128e+00 6.344319000000000174e-03
1.007905999999999969e+00 6.437837999999999547e-03
1.008911999999999809e+00 6.456021999999999629e-03
1.009919999999999929e+00 6.368069999999999981e-03
1.010928000000000049e+00 6.616196999999999877e-03
1.011938000000000004e+00 6.734297999999999673e-03
1.012947999999999960e+00 6.374568000000000595e-03
1.013959999999999972e+00 6.457020999999999421e-03
1.014972000000000207e+00 6.467731000000000001e-03
1.015985999999999834e+00 6.680034999999999966e-03
1.016999999999999904e+00 6.463330000000000637e-03
1.018016000000000032e+00 6.359506000000000013e-03
1.019031999999999938e+00 6.522629000000000274e-03
1.020050000000000123e+00 6.762586000000000118e-03
1.021068000000000087e+00 6.574665000000000370e-03
1.022088000000000108e+00 6.392242000000000236e-03
1.023107999999999906e+00 6.438298999999999758e-03
1.024129999999999985e+00 6.818330000000000050e-03
1.025152999999999981e+00 6.425279000000000754e-03
1.026175999999999977e+00 6.354262999999999752e-03
1.027200999999999809e+00 6.489021000000001066e-03
1.028227000000000002e+00 6.389643000000000406e-03
1.029252999999999973e+00 6.698579999999999986e-03
1.030281000000000002e+00 6.404092999999999591e-03
1.031309999999999949e+00 6.345298999999999558e-03
1.032340000000000035e+00 6.588741000000000389e-03
1.033371000000000040e+00 6.313848999999999850e-03
1.034402000000000044e+00 6.250532000000000483e-03
1.035434999999999883e+00 6.261415999999999683e-03
1.036468999999999863e+00 6.287715999999999618e-03
1.037503999999999982e+00 6.408197000000000025e-03
1.038540000000000019e+00 6.346960000000000449e-03
1.039576999999999973e+00 6.272675000000000126e-03
1.040615000000000068e+00 6.291689000000000483e-03
1.041653999999999858e+00 6.346591999999999859e-03
1.042694000000000010e+00 6.269867000000000148e-03
1.043735999999999997e+00 6.604824999999999932e-03
1.044777999999999984e+00 6.505716999999999403e-03
1.045820999999999890e+00 6.309685000000000640e-03
1.046864999999999934e+00 6.520721999999999630e-03
1.047911000000000037e+00 6.278082999999999407e-03
1.048956999999999917e+00 6.411229000000000060e-03
1.050003999999999937e+00 6.474703000000000055e-03
1.051053000000000015e+00 6.560894000000000274e-03
1.052101999999999871e+00 6.721715000000000502e-03
1.053153000000000006e+00 6.217104000000000207e-03
1.054204999999999837e+00 6.232332000000000150e-03
1.055256999999999890e+00 6.518213999999999606e-03
1.056311000000000000e+00 6.230348000000000136e-03
1.057366000000000028e+00 6.666716000000000482e-03
1.058421999999999974e+00 6.248458999999999611e-03
1.059477999999999920e+00 6.586212000000000143e-03
1.060535999999999923e+00 6.214535999999999671e-03
1.061595000000000066e+00 6.294893000000000190e-03
1.062655000000000127e+00 6.580032999999999022e-03
1.063717000000000024e+00 6.223328000000000193e-03
1.064778999999999920e+00 6.186380999999999478e-03
1.065841999999999956e+00 6.563295000000000240e-03
1.066906000000000132e+00 6.555800999999999989e-03
1.067972000000000143e+00 6.153752999999999654e-03
1.069038000000000155e+00 6.506193000000000393e-03
1.070105000000000084e+00 6.283183000000000344e-03
1.071173999999999848e+00 6.637338999999999913e-03
1.072243999999999975e+00 6.534269000000000535e-03
1.073313999999999879e+00 6.171081000000000136e-03
1.074386000000000063e+00 6.130214000000001016e-03
1.075458999999999943e+00 6.140613999999999968e-03
1.076532999999999962e+00 6.459190999999999544e-03
1.077608000000000121e+00 6.607785000000000568e-03
1.078683999999999976e+00 6.829363999999999227e-03
1.079760999999999971e+00 6.382086999999999830e-03
1.080838999999999883e+00 6.384527000000000084e-03
1.081917999999999935e+00 6.637948000000000286e-03
1.082999000000000045e+00 6.229188000000000086e-03
1.084079999999999933e+00 6.361078000000000045e-03
1.085161999999999960e+00 6.349088000000000995e-03
1.086246000000000045e+00 6.442991000000000343e-03
1.087331000000000047e+00 6.542936999999999538e-03
1.088416000000000050e+00 6.422668999999999774e-03
1.089502999999999888e+00 6.669540000000000711e-03
1.090590999999999866e+00 6.284141000000000032e-03
1.091679999999999984e+00 7.022519000000000504e-03
1.092770000000000019e+00 7.034631999999999864e-03
1.093860999999999972e+00 6.714354999999999976e-03
1.094954000000000205e+00 6.783322000000000483e-03
1.096046999999999993e+00 6.877221000000000202e-03
1.097140999999999922e+00 6.579078999999999830e-03
1.098237000000000130e+00 6.529476999999999677e-03
1.099334000000000033e+00 6.454381000000000354e-03
1.100431000000000159e+00 6.671884999999998928e-03
1.101529999999999898e+00 6.820097000000000659e-03
1.102629999999999999e+00 7.203461000000000412e-03
1.103731000000000018e+00 6.327618000000000131e-03
1.104832999999999954e+00 7.164758000000000238e-03
1.105936000000000030e+00 7.246327999999999797e-03
1.107040999999999942e+00 6.410434000000000444e-03
1.108146000000000075e+00 6.632701999999999869e-03
1.109253000000000045e+00 6.552343000000000403e-03
1.110360000000000014e+00 7.115767999999999746e-03
1.111469000000000040e+00 6.833827000000000651e-03
1.112578999999999985e+00 6.864088000000000828e-03
1.113690000000000069e+00 6.536252999999999681e-03
1.114801999999999849e+00 7.596060999999999439e-03
1.115914999999999990e+00 6.754289000000000126e-03
1.117029000000000050e+00 7.213981000000000386e-03
1.118144999999999945e+00 6.955043999999999636e-03
1.119261000000000061e+00 6.891178999999999014e-03
1.120379000000000014e+00 7.893833000000001140e-03
1.121497999999999884e+00 6.646520000000000379e-03
1.122617999999999894e+00 7.370571999999999714e-03
1.123739000000000043e+00 6.599837999999999365e-03
1.124861000000000111e+00 6.892935999999999681e-03
1.125984000000000096e+00 6.511356000000000262e-03
1.127107999999999999e+00 6.952108000000000246e-03
1.128233999999999959e+00 7.407983999999999403e-03
1.129360000000000142e+00 7.528008000000000963e-03
1.130487999999999937e+00 6.551240000000000709e-03
1.131616999999999873e+00 6.965157999999999940e-03
1.132746999999999948e+00 6.460762000000000102e-03
1.133878000000000164e+00 6.816360999999999948e-03
1.135010000000000074e+00 6.591200000000001051e-03
1.136142999999999903e+00 6.569435000000000205e-03
1.137278000000000011e+00 6.744304000000000444e-03
1.138412999999999897e+00 6.703189999999999496e-03
1.139550000000000063e+00 7.283458999999999940e-03
1.140687999999999924e+00 6.475075999999999748e-03
1.141826999999999925e+00 6.758629999999999846e-03
1.142967000000000066e+00 6.883249000000000138e-03
1.144109000000000043e+00 7.591709999999999778e-03
1.145251000000000019e+00 6.536590000000000109e-03
1.146395000000000053e+00 7.114091000000000338e-03
1.147539000000000087e+00 6.966309000000000390e-03
1.148684999999999956e+00 6.985747000000000484e-03
1.149831999999999965e+00 6.974835999999999883e-03
1.150979999999999892e+00 6.878874000000000967e-03
1.152129999999999876e+00 6.833460000000000402e-03
1.153279999999999861e+00 7.113188999999999797e-03
1.154431999999999903e+00 6.893234999999999293e-03
1.155583999999999945e+00 7.117840000000000278e-03
1.156738000000000044e+00 6.624617999999999653e-03
1.157893000000000061e+00 7.000404999999999475e-03
1.159049999999999914e+00 6.537101999999999496e-03
1.160206999999999988e+00 6.512145999999999907e-03
1.161365000000000203e+00 6.726560000000000351e-03
1.162525000000000031e+00 7.993972000000000230e-03
1.163685999999999998e+00 7.692069999999999637e-03
1.164847999999999884e+00 7.241547999999999562e-03
1.166011000000000131e+00 6.928674000000000117e-03
1.167175000000000074e+00 7.190676999999999486e-03
1.168341000000000074e+00 7.858032999999998644e-03
1.169507000000000074e+00 7.737342000000000351e-03
1.170674999999999910e+00 7.065684000000000027e-03
1.171844000000000108e+00 6.551002999999999687e-03
1.173014000000000001e+00 6.618241000000000401e-03
1.174185999999999952e+00 6.955681999999999490e-03
1.175357999999999903e+00 6.643580999999999098e-03
1.176531999999999911e+00 6.801790999999999740e-03
1.177706999999999837e+00 6.745722000000000003e-03
1.178881999999999985e+00 7.115044000000000923e-03
1.180060000000000109e+00 7.222357999999999903e-03
1.181238000000000010e+00 6.706564999999999402e-03
1.182416999999999829e+00 7.585720999999999263e-03
1.183597999999999928e+00 6.690118000000000106e-03
1.184779999999999944e+00 6.770713999999999726e-03
1.185963000000000100e+00 7.368029000000000765e-03
1.187146999999999952e+00 6.630456999999999324e-03
1.188333000000000084e+00 6.559418000000000887e-03
1.189519000000000215e+00 6.892111999999999718e-03
1.190707000000000182e+00 6.851863000000000571e-03
1.191896000000000067e+00 6.762987999999999292e-03
1.193086000000000091e+00 6.588819999999999573e-03
1.194277999999999951e+00 6.666087000000000228e-03
1.195470000000000033e+00 6.430169999999998942e-03
1.196663999999999950e+00 6.527269999999999947e-03
1.197859000000000007e+00 6.479668000000000060e-03
1.199054999999999982e+00 6.774165000000000394e-03
1.200251999999999875e+00 6.447220999999999508e-03
1.201451000000000047e+00 6.478161999999999116e-03
1.202649999999999997e+00 6.719975000000000427e-03
1.203851000000000004e+00 6.460591000000000771e-03
1.205053000000000152e+00 6.559488999999999945e-03
1.206257000000000135e+00 6.624305999999999944e-03
1.207461000000000118e+00 6.579874999999998919e-03
1.208666999999999936e+00 6.883048000000000985e-03
1.209873999999999894e+00 6.959355000000000402e-03
1.211081999999999992e+00 6.423027000000000424e-03
1.212291000000000007e+00 6.720620000000000933e-03
1.213501999999999859e+00 6.664109000000000525e-03
1.214712999999999932e+00 6.338523999999999027e-03
1.215926000000000062e+00 6.476777000000000402e-03
1.217140000000000111e+00 6.382235000000000859e-03
1.218355999999999995e+00 6.778245000000000450e-03
1.219572000000000100e+00 6.355481999999999972e-03
1.220790000000000042e+00 6.851982999999999858e-03
1.222008999999999901e+00 6.411776000000000107e-03
1.223228999999999900e+00 6.455303999999999383e-03
1.224450999999999956e+00 6.546945999999999669e-03
1.225673000000000012e+00 7.059332000000000627e-03
1.226896999999999904e+00 6.344883999999999420e-03
1.228121999999999936e+00 6.316133000000000684e-03
1.229348999999999803e+00 6.661133999999999979e-03
1.230576000000000114e+00 6.631922000000000164e-03
1.231805000000000039e+00 7.221609000000000361e-03
1.233035000000000103e+00 6.737037000000000407e-03
1.234266000000000085e+00 6.604267000000000470e-03
1.235499000000000125e+00 6.497272000000000117e-03
1.236731999999999942e+00 6.983627999999999537e-03
1.237967000000000040e+00 6.350858999999999498e-03
1.239203999999999972e+00 6.403082000000000044e-03
1.240441000000000127e+00 6.433013999999999920e-03
1.241679999999999895e+00 6.279850999999999489e-03
1.242919000000000107e+00 6.613546000000000528e-03
1.244161000000000072e+00 6.401881999999999365e-03
1.245403000000000038e+00 6.325469999999999704e-03
1.246646000000000143e+00 6.411677999999999648e-03
1.247890999999999861e+00 6.396439000000000291e-03
1.249136999999999942e+00 6.612662000000000054e-03
1.250384999999999858e+00 6.188274000000000552e-03
1.251632999999999996e+00 6.552143999999999330e-03
1.252882999999999969e+00 6.200755000000000502e-03
1.254134000000000082e+00 6.375397000000000529e-03
1.255385999999999891e+00 6.925785000000000274e-03
1.256639999999999979e+00 7.125264999999999550e-03
1.257894999999999985e+00 6.644693000000000127e-03
1.259151000000000131e+00 6.386320000000000018e-03
1.260407999999999973e+00 6.384587000000000595e-03
1.261667000000000094e+00 6.366048000000000019e-03
1.262925999999999993e+00 6.336206000000000477e-03
1.264188000000000089e+00 6.370774000000000055e-03
1.265450000000000186e+00 6.481434999999999801e-03
1.266712999999999978e+00 6.594795999999999991e-03
1.267978000000000049e+00 6.344028999999999294e-03
1.269244000000000039e+00 6.494001999999999587e-03
1.270512000000000086e+00 7.045782000000000433e-03
1.271781000000000050e+00 6.279810000000000253e-03
1.273050000000000015e+00 7.042173000000000530e-03
1.274321999999999955e+00 6.329850000000000580e-03
1.275593999999999895e+00 6.407939999999999990e-03
1.276867999999999892e+00 6.340392000000000250e-03
1.278143000000000029e+00 6.400304999999999363e-03
1.279419000000000084e+00 6.465933000000000097e-03
1.280696999999999974e+00 6.414845000000000616e-03
1.281974999999999865e+00 6.606286000000000276e-03
1.283255999999999952e+00 6.938649000000000726e-03
1.284536999999999818e+00 6.590671000000000203e-03
1.285819999999999963e+00 6.304821999999999857e-03
1.287104000000000026e+00 6.466653999999999632e-03
1.288389000000000006e+00 6.661702000000000248e-03
1.289675000000000127e+00 6.839528999999999574e-03
1.290963000000000083e+00 6.337055000000000292e-03
1.292251999999999956e+00 6.705901000000000223e-03
1.293542000000000192e+00 6.797784999999999765e-03
1.294834000000000040e+00 6.598882999999999832e-03
1.296127000000000029e+00 6.687689999999999607e-03
1.297420999999999935e+00 6.495892999999999980e-03
1.298716999999999899e+00 6.428681999999999799e-03
1.300014000000000003e+00 6.269444999999999359e-03
1.301312000000000024e+00 6.888037999999999973e-03
1.302610999999999963e+00 6.388035000000000241e-03
1.303911999999999960e+00 6.788096999999999881e-03
1.305213999999999874e+00 6.410062999999999699e-03
1.306516999999999928e+00 6.418303000000000202e-03
1.307822000000000040e+00 6.839136000000000000e-03
1.309128000000000069e+00 7.539704000000000371e-03
1.310435000000000016e+00 7.006824999999999512e-03
1.311743000000000103e+00 6.924204000000000643e-03
1.313053000000000026e+00 6.441833000000000108e-03
1.314363999999999866e+00 6.554650999999999880e-03
1.315676999999999985e+00 6.488791999999999303e-03
1.316991000000000023e+00 6.723236999999999963e-03
1.318306000000000200e+00 6.636585999999999874e-03
1.319622000000000073e+00 6.588410000000000273e-03
1.320940000000000003e+00 7.240748999999999450e-03
1.322258999999999851e+00 6.705163999999999569e-03
1.323579000000000061e+00 6.614873999999999754e-03
1.324901000000000106e+00 6.588287999999999436e-03
1.326223999999999847e+00 6.734158000000000505e-03
1.327547999999999950e+00 6.477448999999999707e-03
1.328874000000000111e+00 7.275074999999999771e-03
1.330200000000000049e+00 7.151119999999999526e-03
1.331528999999999963e+00 6.642810000000000728e-03
1.332858000000000098e+00 7.588250000000000377e-03
1.334189000000000069e+00 6.641608000000000234e-03
1.335520999999999958e+00 6.660122999999999564e-03
1.336855000000000127e+00 7.143995000000000206e-03
1.338189999999999991e+00 6.962651000000000256e-03
1.339525999999999994e+00 6.572513000000000313e-03
1.340864000000000056e+00 6.910551999999999494e-03
1.342202999999999813e+00 6.511320000000000996e-03
1.343543000000000154e+00 7.546538999999999678e-03
1.344883999999999968e+00 8.296002000000000237e-03
1.346227000000000062e+00 6.657477000000001054e-03
1.347571999999999992e+00 7.471339999999999058e-03
1.348916999999999922e+00 7.062399999999999928e-03
1.350264000000000131e+00 7.088541999999999760e-03
1.351612000000000036e+00 7.550004999999999390e-03
1.352961999999999998e+00 7.169256000000000587e-03
1.354313000000000100e+00 7.400455999999999701e-03
1.355665000000000120e+00 7.648361000000000222e-03
1.357018999999999975e+00 6.855797999999999753e-03
1.358373999999999970e+00 8.075014000000000150e-03
1.359730000000000105e+00 7.011783000000000599e-03
1.361088000000000076e+00 8.346217999999998999e-03
1.362447000000000186e+00 7.512967000000000603e-03
1.363807999999999909e+00 6.855198999999999321e-03
1.365169999999999995e+00 6.906996000000000316e-03
1.366532999999999998e+00 7.543919999999999099e-03
1.367896999999999919e+00 7.184893999999998962e-03
1.369262999999999897e+00 7.527665000000000224e-03
1.370630000000000015e+00 7.551742000000000177e-03
1.371998999999999969e+00 7.192348999999999791e-03
1.373369000000000062e+00 6.849960000000001291e-03
1.374740000000000073e+00 7.076329999999999600e-03
1.376112999999999920e+00 7.347890000000000151e-03
1.377486999999999906e+00 6.676959999999999146e-03
1.378863000000000172e+00 7.206392000000000700e-03
1.380239999999999911e+00 7.838200999999999502e-03
1.381617999999999791e+00 6.753911999999999069e-03
1.382997000000000032e+00 7.124479000000000402e-03
1.384378000000000108e+00 7.667156999999999965e-03
1.385761000000000021e+00 7.439119999999999587e-03
1.387143999999999933e+00 7.172271000000000028e-03
1.388529999999999820e+00 6.689694000000000369e-03
1.389916000000000151e+00 8.255927999999999184e-03
1.391304000000000096e+00 7.121859000000000349e-03
1.392692999999999959e+00 8.008153000000000493e-03
1.394083999999999879e+00 6.630380999999999428e-03
1.395475999999999939e+00 7.197481999999998971e-03
1.396868999999999916e+00 7.069193000000000525e-03
1.398264000000000173e+00 6.724446000000000243e-03
1.399660000000000126e+00 8.068560000000000662e-03
1.401057999999999915e+00 7.942723999999999965e-03
1.402457000000000065e+00 6.873711000000000231e-03
1.403857000000000133e+00 7.004892999999999884e-03
1.405259000000000036e+00 7.629283000000000592e-03
1.406662000000000079e+00 7.758749000000000548e-03
1.408066999999999958e+00 7.175171000000000153e-03
1.409472999999999976e+00 6.901749999999999899e-03
1.410879999999999912e+00 7.695935999999999576e-03
1.412288999999999906e+00 6.947744000000000489e-03
1.413699000000000039e+00 7.296963999999999534e-03
1.415111000000000008e+00 6.923458999999999863e-03
1.416523999999999894e+00 6.865113999999999418e-03
1.417939000000000060e+00 7.145327999999999402e-03
1.419354000000000005e+00 7.656292000000000306e-03
1.420772000000000146e+00 8.345576999999999857e-03
1.422190000000000065e+00 7.965619999999999645e-03
1.423610999999999960e+00 8.009930999999999648e-03
1.425031999999999854e+00 7.427926000000000493e-03
1.426455000000000028e+00 7.134340999999999773e-03
1.427878999999999898e+00 7.355319000000000787e-03
1.429305000000000048e+00 7.802350000000000431e-03
1.430731999999999893e+00 7.043342000000000179e-03
1.432161000000000017e+00 7.632179000000000220e-03
1.433591000000000060e+00 7.082578999999999438e-03
1.435022999999999938e+00 7.177468000000000216e-03
1.436455999999999955e+00 7.313502999999999844e-03
1.437889999999999890e+00 7.245384999999999152e-03
1.439326000000000105e+00 7.119223000000000044e-03
1.440763000000000016e+00 7.458641000000000229e-03
1.442201999999999984e+00 6.993390999999999844e-03
1.443641999999999870e+00 6.999446999999999787e-03
1.445083000000000117e+00 7.145192999999999336e-03
1.446525999999999978e+00 7.368641000000000427e-03
1.447970999999999897e+00 7.424776000000000119e-03
1.449416000000000038e+00 6.907604999999999822e-03
1.450863999999999931e+00 7.571158000000000575e-03
1.452312000000000047e+00 7.196167000000000709e-03
1.453762999999999916e+00 7.741548000000000873e-03
1.455214000000000008e+00 7.103972999999999538e-03
1.456666999999999934e+00 8.319351000000000870e-03
1.458122000000000140e+00 8.035012000000001098e-03
1.459578000000000042e+00 7.689407000000000533e-03
1.461035000000000084e+00 6.913085000000000237e-03
1.462493999999999961e+00 7.736608999999999327e-03
1.463954999999999895e+00 7.486705999999999223e-03
1.465416000000000052e+00 6.520970000000000065e-03
1.466879999999999962e+00 7.469845999999999604e-03
1.468343999999999872e+00 6.981503000000000014e-03
1.469810999999999979e+00 6.832691999999999585e-03
1.471278000000000086e+00 7.150392999999999680e-03
1.472747000000000028e+00 6.746587999999999544e-03
1.474218000000000028e+00 7.484876000000000550e-03
1.475689999999999946e+00 7.389542999999999286e-03
1.477164000000000144e+00 7.419491000000000280e-03
1.478639000000000037e+00 7.581575000000000987e-03
1.480115000000000069e+00 7.246926000000000756e-03
1.481592999999999938e+00 7.129074000000000001e-03
1.483071999999999946e+00 6.519342999999999493e-03
1.484553000000000011e+00 7.546121000000000252e-03
1.486035999999999913e+00 7.217497000000000669e-03
1.487520000000000175e+00 7.430092000000000120e-03
1.489004999999999912e+00 7.025228999999999155e-03
1.490491999999999928e+00 7.200263000000000149e-03
1.491979999999999862e+00 7.174747000000000416e-03
1.493470000000000075e+00 7.677150000000000640e-03
1.494960999999999984e+00 6.794550999999999369e-03
1.496453999999999951e+00 7.480529000000000518e-03
1.497947999999999835e+00 7.163369000000001027e-03
1.499443999999999999e+00 6.760448999999999972e-03
1.500940999999999859e+00 6.881211999999999399e-03
1.502439999999999998e+00 7.146539999999999837e-03
1.503940000000000055e+00 6.984128000000000037e-03
1.505441999999999947e+00 6.858707999999999819e-03
1.506945000000000201e+00 7.206088000000000250e-03
1.508449999999999847e+00 6.967197999999999967e-03
1.509956000000000076e+00 6.856420000000000223e-03
1.511463999999999919e+00 6.914072999999999747e-03
1.512973000000000123e+00 6.681539999999999702e-03
1.514483999999999941e+00 6.977564000000000335e-03
1.515996000000000121e+00 7.000283000000000373e-03
1.517509999999999915e+00 7.506473999999999092e-03
1.519025000000000070e+00 7.661516999999999633e-03
1.520542000000000060e+00 6.859626000000000612e-03
1.522059999999999969e+00 7.553762999999999797e-03
1.523579999999999934e+00 6.869649000000000241e-03
1.525101000000000040e+00 6.944533999999999603e-03
1.526623999999999981e+00 6.517146000000000571e-03
1.528148999999999980e+00 7.014620000000000057e-03
1.529675000000000118e+00 6.953764999999999773e-03
1.531201999999999952e+00 7.709531999999999843e-03
1.532731000000000066e+00 6.954069999999999696e-03
1.534262000000000015e+00 7.379841000000000699e-03
1.535794000000000104e+00 7.096535999999999643e-03
1.537326999999999888e+00 7.659593000000000131e-03
1.538861999999999952e+00 6.861180000000000577e-03
1.540399000000000074e+00 6.758628000000000031e-03
1.541936999999999891e+00 7.028106000000000110e-03
1.543476999999999988e+00 6.630525000000000828e-03
1.545018000000000002e+00 6.440096999999999662e-03
1.546560999999999853e+00 7.107788000000000300e-03
1.548105000000000064e+00 6.497049000000000400e-03
1.549651000000000112e+00 7.480164000000000951e-03
1.551198000000000077e+00 7.029276000000000101e-03
1.552747000000000099e+00 6.591300000000000457e-03
1.554297999999999957e+00 7.076230000000000193e-03
1.555850000000000177e+00 6.895991999999999227e-03
1.557403000000000093e+00 6.973555000000000205e-03
1.558957999999999844e+00 6.563961000000000101e-03
1.560514999999999874e+00 6.822922000000000362e-03
1.562073000000000045e+00 6.773565999999999962e-03
1.563633000000000051e+00 6.624904000000000036e-03
1.565193999999999974e+00 7.056235999999999585e-03
1.566756999999999955e+00 7.034880999999999773e-03
1.568321999999999994e+00 6.719722000000000021e-03
1.569888000000000172e+00 6.873843000000000140e-03
1.571454999999999824e+00 6.596163999999999847e-03
1.573023999999999978e+00 7.207500999999998971e-03
1.574594999999999967e+00 6.951978000000000150e-03
1.576166999999999874e+00 6.559437999999999901e-03
1.577741000000000060e+00 6.895580999999999586e-03
1.579316999999999860e+00 6.595246999999999395e-03
1.580894000000000021e+00 6.688817999999999153e-03
1.582471999999999879e+00 7.155299999999999855e-03
1.584052999999999933e+00 6.629542000000000421e-03
1.585633999999999988e+00 6.931486999999999198e-03
1.587218000000000018e+00 7.004416000000000288e-03
1.588802000000000048e+00 6.709656000000000474e-03
1.590389000000000053e+00 7.141063000000000445e-03
1.591976999999999975e+00 6.470327999999999150e-03
1.593566999999999956e+00 6.806650999999999500e-03
1.595158000000000076e+00 6.411362000000000311e-03
1.596751000000000031e+00 6.710787000000000176e-03
1.598344999999999905e+00 7.060189999999999175e-03
1.599941000000000058e+00 7.199862000000000449e-03
1.601539000000000046e+00 6.441330999999999793e-03
1.603137999999999952e+00 6.970323999999999964e-03
1.604739000000000138e+00 7.169824000000000856e-03
1.606341000000000019e+00 6.840905000000000423e-03
1.607945000000000180e+00 6.507414999999999901e-03
1.609550999999999954e+00 7.010345999999999765e-03
1.611158000000000090e+00 6.630194000000000712e-03
1.612767000000000062e+00 7.401360000000000924e-03
1.614376999999999951e+00 6.370961000000000506e-03
1.615988999999999898e+00 7.130428000000000287e-03
1.617603000000000124e+00 6.582820000000000511e-03
1.619218000000000046e+00 7.166824000000000458e-03
1.620835000000000026e+00 6.442898999999999328e-03
1.622452999999999923e+00 6.409732999999999056e-03
1.624072999999999878e+00 6.509825999999999807e-03
1.625695000000000112e+00 7.231200999999999601e-03
1.627318000000000042e+00 6.623287000000000271e-03
1.628942999999999808e+00 6.461162000000000329e-03
1.630569999999999853e+00 6.401620000000000227e-03
1.632198000000000038e+00 7.510073999999999396e-03
1.633828000000000058e+00 6.429740000000000628e-03
1.635458999999999996e+00 6.568148000000000215e-03
1.637091999999999992e+00 6.763845000000000100e-03
1.638727000000000045e+00 6.634020999999999495e-03
1.640363000000000016e+00 6.750304000000000373e-03
1.642001000000000044e+00 6.341812999999999097e-03
1.643641000000000130e+00 6.547385000000000184e-03
1.645282000000000133e+00 6.609453999999999850e-03
1.646924999999999972e+00 6.436553999999999713e-03
1.648570000000000091e+00 6.349770000000000240e-03
1.650215999999999905e+00 6.394591999999999291e-03
1.651863999999999999e+00 6.845978999999999433e-03
1.653513000000000011e+00 6.356201999999999165e-03
1.655163999999999858e+00 6.470135999999999596e-03
1.656816999999999984e+00 6.410097000000000017e-03
1.658471000000000029e+00 6.300227999999999731e-03
1.660126999999999908e+00 6.681188000000000231e-03
1.661784999999999846e+00 6.384418999999999685e-03
1.663443999999999923e+00 6.461649999999999339e-03
1.665105000000000057e+00 6.479991000000000917e-03
1.666768000000000027e+00 6.385764000000000370e-03
1.668431999999999915e+00 6.513168000000000603e-03
1.670098000000000082e+00 6.692267000000000007e-03
1.671765999999999863e+00 6.714083999999999504e-03
1.673435000000000006e+00 6.380439999999999376e-03
1.675105999999999984e+00 6.615928000000000087e-03
1.676779000000000019e+00 6.574383999999999957e-03
1.678452999999999973e+00 6.686368999999999299e-03
1.680128999999999984e+00 6.320843999999999942e-03
1.681806999999999830e+00 6.190853999999999975e-03
1.683486000000000038e+00 6.589273000000000526e-03
1.685166999999999859e+00 6.494498999999999932e-03
1.686849999999999961e+00 7.174894000000000237e-03
1.688534000000000201e+00 6.386893000000000258e-03
1.690220000000000056e+00 7.347681999999999478e-03
1.691907999999999967e+00 6.676319999999999477e-03
1.693597999999999937e+00 6.285228000000000342e-03
1.695289000000000046e+00 6.726138999999999903e-03
1.696981999999999990e+00 7.189733000000000235e-03
1.698675999999999853e+00 6.249675000000000542e-03
1.700371999999999995e+00 6.459466999999999987e-03
1.702069999999999972e+00 6.504354000000000385e-03
1.703770000000000007e+00 6.783705000000000117e-03
1.705470999999999959e+00 6.465551999999999411e-03
1.707173999999999969e+00 6.332381999999999247e-03
1.708878999999999815e+00 6.455235000000001007e-03
1.710585000000000022e+00 6.309221999999999747e-03
1.712292999999999843e+00 6.478671000000000083e-03
1.714003000000000165e+00 7.130530999999999849e-03
1.715713999999999961e+00 6.845641999999999873e-03
1.717427999999999955e+00 6.738448000000000181e-03
1.719142000000000170e+00 6.675147000000000198e-03
1.720859000000000139e+00 6.871157000000000133e-03
1.722577000000000025e+00 6.803797999999999790e-03
1.724298000000000108e+00 6.468688999999999689e-03
1.726018999999999970e+00 6.389643999999999879e-03
1.727742999999999807e+00 6.507564999999999877e-03
1.729468000000000005e+00 6.842697000000000015e-03
1.731194999999999817e+00 6.554342999999999801e-03
1.732923999999999909e+00 6.454782999999999528e-03
1.734654000000000140e+00 6.515334000000001097e-03
1.736385999999999985e+00 6.425603000000000217e-03
1.738120000000000109e+00 6.690998999999999558e-03
1.739855999999999847e+00 6.743280000000000801e-03
1.741592999999999947e+00 6.634944000000000258e-03
1.743331999999999882e+00 7.048632999999999461e-03
1.745072999999999874e+00 6.811886000000000503e-03
1.746815000000000007e+00 8.051753999999999509e-03
1.748558999999999974e+00 6.742702000000000591e-03
1.750305000000000000e+00 7.487483000000000506e-03
1.752053000000000083e+00 7.213737999999999054e-03
1.753803000000000001e+00 7.361832999999999919e-03
1.755554000000000059e+00 7.604052000000000033e-03
1.757307000000000174e+00 7.377475000000000525e-03
1.759062000000000126e+00 6.394796999999999808e-03
1.760817999999999994e+00 7.016462999999999693e-03
1.762576000000000143e+00 6.457863999999999792e-03
1.764335999999999904e+00 6.511721000000000696e-03
1.766098000000000168e+00 7.185764999999999340e-03
1.767862000000000045e+00 8.340666000000000052e-03
1.769627000000000061e+00 6.802567000000000683e-03
1.771393999999999913e+00 6.652525000000000278e-03
1.773163000000000045e+00 6.891108999999999429e-03
1.774933000000000094e+00 6.638087000000000848e-03
1.776706000000000119e+00 6.794841000000000249e-03
1.778480000000000061e+00 6.919665000000000191e-03
1.780256000000000061e+00 7.280294000000000522e-03
1.782032999999999978e+00 7.148317000000000386e-03
1.783812999999999871e+00 6.784297999999999371e-03
1.785593999999999903e+00 6.686223999999999293e-03
1.787376999999999994e+00 6.999912999999999969e-03
1.789161999999999919e+00 6.983631000000000560e-03
1.790947999999999984e+00 7.566657000000000070e-03
1.792737000000000025e+00 7.002395000000000667e-03
1.794526999999999983e+00 7.347049999999999935e-03
1.796318999999999999e+00 8.346217999999998999e-03
1.798111999999999933e+00 6.851414999999999589e-03
1.799907999999999841e+00 6.679697999999999539e-03
1.801704999999999890e+00 7.206681999999999845e-03
1.803503999999999996e+00 7.440679000000000390e-03
1.805304999999999938e+00 6.702890000000000410e-03
1.807107999999999937e+00 7.250722999999999717e-03
1.808912000000000075e+00 7.655457000000000060e-03
1.810718000000000050e+00 8.035501000000000449e-03
1.812526000000000082e+00 7.862626000000001031e-03
1.814336000000000171e+00 7.248324999999999907e-03
1.816147999999999874e+00 6.749103000000000220e-03
1.817960999999999938e+00 7.407063000000000189e-03
1.819776999999999978e+00 6.920893000000000010e-03
1.821594000000000158e+00 7.459981999999998684e-03
1.823412999999999951e+00 8.050085999999999700e-03
1.825234000000000023e+00 6.815166999999999579e-03
1.827056000000000013e+00 6.987057999999999984e-03
1.828880000000000061e+00 8.331919000000000131e-03
1.830707000000000084e+00 6.742917000000000181e-03
1.832535000000000025e+00 7.796136999999999859e-03
1.834365000000000023e+00 6.762088000000000300e-03
1.836195999999999939e+00 7.774099999999999934e-03
1.838030000000000053e+00 6.843794999999999740e-03
1.839865000000000084e+00 8.084393000000000482e-03
1.841701999999999950e+00 6.745877999999999423e-03
1.843541000000000096e+00 7.626692000000000887e-03
1.845382000000000078e+00 6.764417999999999473e-03
1.847224999999999895e+00 8.114576999999999554e-03
1.849069000000000074e+00 6.588458000000000162e-03
1.850916000000000006e+00 6.816474000000000318e-03
1.852763999999999855e+00 6.686537000000000210e-03
1.854613999999999985e+00 6.748140000000000562e-03
1.856465999999999950e+00 6.912152000000000400e-03
1.858319999999999972e+00 7.008083999999999494e-03
1.860174999999999912e+00 7.103255000000000159e-03
1.862033000000000049e+00 6.968521999999999564e-03
1.863892000000000104e+00 6.974658999999999373e-03
1.865752999999999995e+00 6.715157000000000244e-03
1.867615999999999943e+00 7.403918000000000652e-03
1.869480999999999948e+00 6.799475999999999611e-03
1.871348000000000011e+00 7.030051000000000702e-03
1.873215999999999992e+00 6.801459000000000150e-03
1.875086999999999948e+00 6.826384999999999918e-03
1.876958999999999822e+00 6.946775999999999993e-03
1.878832999999999975e+00 7.351143000000000087e-03
1.880709999999999882e+00 6.670789000000000753e-03
1.882587000000000010e+00 7.030604000000000194e-03
1.884467000000000114e+00 7.035265999999999222e-03
1.886348999999999831e+00 6.545650999999999553e-03
1.888233000000000050e+00 7.616948000000000121e-03
1.890117999999999965e+00 7.370884000000000290e-03
1.892004999999999937e+00 6.652072999999999667e-03
1.893895000000000106e+00 8.338584999999999053e-03
1.895785999999999971e+00 6.712088000000000602e-03
1.897678999999999894e+00 7.117738999999999663e-03
1.899573999999999874e+00 7.179785999999999634e-03
1.901470999999999911e+00 7.804727000000000019e-03
1.903369000000000089e+00 7.169815999999999863e-03
1.905270000000000019e+00 6.816164999999999898e-03
1.907172000000000089e+00 7.316541000000000190e-03
1.909077000000000135e+00 6.783095000000000270e-03
1.910983000000000098e+00 6.809581000000000314e-03
1.912890999999999897e+00 7.267830000000000297e-03
1.914801000000000197e+00 7.040359999999999847e-03
1.916712999999999889e+00 6.935132999999999576e-03
1.918626999999999860e+00 6.596003999999999930e-03
1.920543000000000111e+00 6.761279999999999721e-03
1.922461000000000197e+00 7.189609999999999924e-03
1.924379999999999979e+00 6.840680000000000024e-03
1.926302000000000181e+00 7.196983999999999153e-03
1.928225000000000078e+00 7.090222999999999665e-03
1.930150999999999950e+00 6.703721999999999633e-03
1.932077999999999962e+00 6.755200999999998873e-03
1.934007000000000032e+00 7.170786999999999647e-03
1.935939000000000076e+00 6.818485999999999471e-03
1.937872000000000261e+00 7.441861000000000136e-03
1.939807000000000059e+00 7.649939999999999171e-03
1.941743999999999915e+00 6.843586000000000460e-03
1.943682999999999828e+00 7.303727999999999783e-03
1.945623000000000102e+00 7.339483999999999418e-03
1.947566000000000130e+00 7.177282000000000106e-03
1.949510999999999772e+00 7.352568999999999771e-03
1.951457999999999915e+00 6.855961999999999300e-03
1.953405999999999976e+00 8.160788999999999890e-03
1.955356999999999790e+00 7.419019999999999261e-03
1.957308999999999966e+00 7.205076999999998968e-03
1.959263999999999895e+00 6.697340000000000411e-03
1.961220000000000185e+00 6.916862000000000184e-03
1.963177999999999868e+00 6.866455999999999081e-03
1.965138999999999969e+00 7.539188999999999093e-03
1.967100999999999988e+00 7.169765000000000686e-03
1.969065000000000065e+00 7.153964999999999977e-03
1.971030999999999977e+00 6.907461999999999630e-03
1.973000000000000087e+00 7.550178000000000271e-03
1.974970000000000114e+00 7.199229000000000565e-03
1.976941999999999977e+00 7.637038999999999980e-03
1.978915999999999897e+00 7.078567999999999492e-03
1.980892000000000097e+00 6.849144000000000586e-03
1.982870000000000132e+00 7.231389999999998999e-03
1.984850000000000225e+00 7.178708000000000658e-03
1.986831999999999709e+00 7.254420000000000139e-03
1.988815999999999917e+00 6.790683999999999956e-03
1.990802000000000183e+00 7.744026000000001075e-03
1.992789000000000144e+00 7.248930000000000651e-03
1.994779000000000080e+00 6.827592000000000383e-03
1.996770999999999852e+00 7.381079999999999933e-03
1.998764999999999903e+00 6.748948999999999747e-03
2.000760999999999790e+00 6.760140999999999893e-03
2.002759000000000178e+00 7.319951999999999362e-03
2.004759000000000402e+00 6.997314000000000138e-03
2.006760000000000321e+00 7.151535999999999137e-03
2.008764000000000216e+00 8.308531999999998682e-03
2.010769999999999946e+00 7.423283000000000138e-03
2.012777999999999956e+00 6.870444000000000724e-03
2.014787999999999801e+00 7.200342999999999674e-03
2.016799000000000230e+00 7.524064999999999920e-03
2.018813000000000191e+00 7.922834999999999600e-03
2.020828999999999986e+00 7.682444000000000078e-03
2.022847000000000062e+00 7.017619999999999587e-03
2.024866999999999972e+00 7.136578000000000192e-03
2.026888999999999719e+00 7.663638000000001262e-03
2.028912999999999744e+00 7.441604000000000101e-03
2.030939000000000050e+00 7.089685999999999558e-03
2.032967000000000191e+00 7.124342000000000522e-03
2.034997000000000167e+00 7.287288999999999746e-03
2.037028999999999979e+00 7.148719999999999034e-03
2.039063000000000070e+00 7.153106999999999695e-03
2.041098999999999997e+00 7.071138999999998856e-03
2.043136999999999759e+00 7.045715000000000137e-03
2.045176999999999801e+00 7.053114000000000085e-03
2.047219000000000122e+00 7.457768000000000036e-03
2.049263999999999974e+00 6.697708999999999607e-03
2.051309999999999967e+00 6.875096000000000679e-03
2.053357999999999794e+00 7.789380000000000262e-03
2.055407999999999902e+00 7.062716000000000133e-03
2.057460999999999984e+00 6.988196000000000338e-03
2.059515000000000207e+00 6.844083999999999411e-03
2.061571999999999960e+00 7.072859999999999391e-03
2.063629999999999853e+00 7.041928999999999723e-03
2.065690999999999722e+00 6.908918999999999477e-03
2.067753999999999870e+00 7.164207000000000561e-03
2.069818000000000158e+00 7.323555999999999296e-03
2.071884999999999977e+00 6.835368000000000520e-03
2.073954000000000075e+00 6.754721999999999463e-03
2.076025000000000009e+00 7.022124999999999721e-03
2.078098000000000223e+00 6.815873000000000070e-03
2.080172999999999828e+00 7.113721999999999407e-03
2.082249999999999712e+00 6.951370000000000118e-03
2.084328999999999876e+00 6.991598999999999384e-03
2.086411000000000016e+00 7.354750000000000176e-03
2.088493999999999851e+00 6.891019999999999437e-03
2.090578999999999965e+00 6.889265999999999793e-03
2.092667000000000055e+00 6.798372000000000442e-03
2.094755999999999840e+00 7.017934999999999451e-03
2.096848000000000045e+00 6.792981000000000019e-03
2.098941999999999641e+00 6.921357999999998983e-03
2.101037999999999961e+00 6.764736999999998966e-03
2.103136000000000116e+00 6.828293000000000036e-03
2.105236000000000107e+00 6.599990000000000023e-03
2.107337999999999933e+00 7.012093999999999966e-03
2.109442000000000039e+00 6.726136000000000614e-03
2.111548999999999676e+00 6.780351999999999907e-03
2.113656999999999897e+00 7.210870999999999774e-03
2.115768000000000093e+00 6.852287999999999782e-03
2.117879999999999985e+00 6.752825999999999100e-03
2.119995000000000296e+00 7.092680999999999986e-03
2.122111999999999998e+00 6.645286999999999722e-03
2.124230999999999980e+00 6.643771000000000572e-03
2.126352000000000242e+00 6.990035999999998952e-03
2.128474999999999895e+00 7.171684000000000218e-03
2.130600999999999967e+00 7.433781000000001284e-03
2.132727999999999735e+00 6.641257999999999710e-03
2.134858000000000366e+00 6.699224000000000151e-03
2.136990000000000389e+00 7.051222000000001086e-03
2.139123000000000108e+00 6.997337000000000175e-03
2.141259000000000245e+00 6.868370999999999851e-03
2.143397999999999914e+00 7.285021999999999505e-03
2.145537999999999723e+00 6.802055999999999901e-03
2.147680000000000256e+00 6.707113999999999264e-03
2.149825000000000319e+00 7.075783000000000419e-03
2.151971000000000078e+00 6.769889999999999762e-03
2.154119999999999813e+00 6.716092000000000763e-03
2.156270999999999827e+00 6.721104000000000314e-03
2.158424000000000120e+00 6.743757999999999871e-03
2.160579999999999945e+00 6.643182000000000080e-03
2.162736999999999910e+00 6.586918000000000634e-03
2.164896999999999849e+00 6.710922000000000241e-03
2.167057999999999929e+00 6.660860999999999692e-03
2.169221999999999984e+00 6.637223000000000254e-03
2.171388000000000318e+00 6.851112000000000347e-03
2.173556000000000044e+00 6.649209000000000543e-03
2.175726999999999745e+00 6.613219000000000042e-03
2.177899000000000029e+00 6.552637000000000045e-03
2.180073999999999845e+00 6.730346000000000765e-03
2.182250999999999941e+00 7.192330999999998857e-03
2.184430000000000316e+00 6.680741999999999063e-03
2.186611000000000082e+00 6.993593000000000205e-03
2.188795000000000268e+00 6.799623999999999772e-03
2.190980000000000150e+00 6.776553000000000264e-03
2.193168000000000006e+00 6.688091000000000175e-03
2.195357999999999699e+00 6.784352999999999911e-03
2.197549999999999670e+00 6.699889000000000538e-03
2.199743999999999922e+00 6.661234000000000252e-03
2.201941000000000148e+00 6.835282999999999290e-03
2.204140000000000210e+00 6.718985999999999709e-03
2.206341000000000108e+00 6.725473000000000041e-03
2.208543999999999841e+00 7.173327000000000175e-03
2.210749000000000297e+00 6.944607000000000210e-03
2.212957000000000285e+00 6.782791999999999294e-03
2.215165999999999968e+00 6.730995000000000034e-03
2.217378000000000071e+00 6.639262000000000809e-03
2.219592000000000009e+00 7.550413000000000610e-03
2.221808999999999923e+00 6.704171000000000089e-03
2.224026999999999976e+00 6.627631999999999621e-03
2.226248000000000005e+00 6.679680999999999813e-03
2.228471000000000313e+00 6.736885999999999222e-03
2.230696000000000012e+00 6.741208999999999743e-03
2.232924000000000131e+00 7.477052999999999998e-03
2.235152999999999945e+00 6.736487000000000204e-03
2.237385000000000179e+00 6.747627999999999439e-03
2.239618999999999804e+00 6.717087000000000058e-03
2.241856000000000293e+00 6.961055000000000714e-03
2.244094000000000033e+00 6.636765000000000199e-03
2.246334999999999749e+00 6.804198999999999491e-03
2.248578000000000188e+00 6.678616000000000934e-03
2.250823000000000018e+00 6.849663000000000626e-03
2.253070999999999824e+00 6.706036000000000288e-03
2.255321000000000353e+00 6.764268000000000364e-03
2.257573000000000274e+00 6.667338000000000951e-03
2.259827000000000030e+00 6.726765999999999475e-03
2.262083999999999762e+00 6.630200000000001023e-03
2.264342000000000077e+00 6.751399999999999416e-03
2.266602999999999923e+00 6.720410999999999052e-03
2.268867000000000189e+00 6.847157999999999023e-03
2.271132000000000151e+00 6.676121000000000139e-03
2.273400000000000087e+00 6.743265999999999497e-03
2.275670000000000304e+00 6.748005999999999102e-03
2.277942000000000355e+00 6.716482000000000181e-03
2.280216999999999938e+00 6.985045000000000490e-03
2.282493999999999801e+00 6.939138000000000077e-03
2.284772999999999943e+00 6.736726999999999646e-03
2.287053999999999920e+00 6.753415999999999933e-03
2.289337999999999873e+00 6.743307999999999941e-03
2.291624000000000105e+00 6.765149000000000683e-03
2.293912000000000173e+00 7.487955000000000132e-03
2.296203000000000216e+00 6.750507999999999682e-03
2.298496000000000095e+00 6.824185999999999447e-03
2.300790999999999809e+00 6.828836999999999928e-03
2.303088000000000246e+00 6.888968999999999995e-03
2.305388000000000215e+00 6.685318999999999463e-03
2.307690000000000019e+00 6.789863999999999622e-03
2.309994000000000103e+00 6.856321000000000290e-03
2.312301000000000162e+00 6.750948000000000539e-03
2.314610000000000056e+00 6.703708000000000930e-03
2.316921000000000230e+00 6.706550000000000358e-03
2.319234999999999935e+00 6.760992000000000390e-03
2.321550999999999920e+00 7.146379000000000446e-03
2.323869000000000185e+00 6.842605999999999342e-03
2.326189000000000284e+00 6.793487999999999437e-03
2.328512000000000359e+00 6.980587000000000771e-03
2.330837000000000270e+00 6.733238999999999370e-03
2.333165000000000155e+00 6.864582000000000149e-03
2.335494000000000181e+00 6.866535000000000000e-03
2.337826000000000182e+00 6.864721000000000711e-03
2.340161000000000158e+00 6.762837000000000709e-03
2.342497000000000273e+00 6.925103000000000161e-03
2.344837000000000060e+00 7.684932000000000221e-03
2.347177999999999987e+00 6.746185999999999502e-03
2.349521999999999888e+00 6.933070999999999852e-03
2.351867999999999626e+00 6.658906000000000026e-03
2.354215999999999642e+00 6.750734999999999895e-03
2.356567000000000078e+00 6.718919000000000280e-03
2.358919999999999906e+00 7.017761999999999438e-03
2.361275999999999708e+00 6.687788000000000066e-03
2.363633000000000095e+00 6.784611000000001155e-03
2.365994000000000153e+00 6.706178000000001006e-03
2.368355999999999906e+00 6.733980000000000521e-03
2.370721000000000078e+00 6.937289999999999603e-03
2.373088000000000086e+00 7.259522000000000891e-03
2.375458000000000069e+00 6.874892999999999976e-03
2.377829999999999888e+00 6.742960999999999573e-03
2.380203999999999986e+00 6.804376000000000001e-03
2.382581000000000060e+00 6.791979999999999545e-03
2.384960000000000413e+00 6.951125999999999312e-03
2.387341999999999853e+00 6.814476000000000734e-03
2.389724999999999877e+00 6.752609000000000562e-03
2.392112000000000016e+00 7.036460999999999931e-03
2.394500000000000295e+00 6.810582999999999394e-03
2.396890999999999661e+00 6.714398999999999368e-03
2.399284999999999890e+00 6.753178000000000306e-03
2.401680000000000259e+00 7.093461000000000558e-03
2.404078999999999855e+00 6.987535999999999921e-03
2.406478999999999591e+00 6.899871000000000129e-03
2.408881999999999746e+00 6.757153999999999591e-03
2.411286999999999736e+00 6.806381000000000236e-03
2.413695000000000146e+00 7.530834999999999613e-03
2.416104999999999947e+00 7.878780000000000158e-03
2.418517999999999724e+00 6.865820000000000776e-03
2.420932999999999780e+00 6.840834999999999104e-03
2.423349999999999671e+00 7.875963999999999188e-03
2.425769999999999982e+00 6.843339000000001233e-03
2.428192000000000128e+00 7.002013999999999981e-03
2.430616999999999805e+00 6.827696999999999759e-03
2.433044000000000207e+00 6.931028999999999142e-03
2.435472999999999999e+00 6.857130999999999817e-03
2.437904999999999767e+00 7.434879000000000140e-03
2.440339999999999954e+00 6.767442000000000249e-03
2.442775999999999836e+00 6.865620999999998836e-03
2.445215999999999834e+00 6.861873999999999578e-03
2.447656999999999972e+00 7.086550000000000488e-03
2.450101000000000084e+00 6.925950999999999635e-03
2.452547999999999728e+00 7.067377000000000555e-03
2.454997000000000096e+00 6.770781999999999495e-03
2.457447999999999855e+00 6.687077999999999946e-03
2.459902000000000033e+00 7.131439000000000701e-03
2.462358000000000047e+00 7.183557000000001004e-03
2.464817000000000036e+00 6.749030000000000480e-03
2.467277999999999860e+00 6.700802999999999968e-03
2.469742000000000104e+00 7.039433999999999796e-03
2.472208000000000183e+00 6.931996999999999638e-03
2.474677000000000238e+00 6.770568999999999719e-03
2.477148000000000128e+00 6.866503000000000363e-03
2.479620999999999853e+00 7.177942000000000523e-03
2.482096999999999998e+00 7.138075000000000669e-03
2.484576000000000118e+00 7.594842999999999560e-03
2.487057000000000073e+00 7.838575000000000403e-03
2.489539999999999864e+00 8.346217999999998999e-03
2.492026000000000074e+00 7.170862999999999543e-03
2.494514000000000120e+00 7.021477000000000794e-03
2.497004999999999697e+00 7.161212000000000133e-03
2.499499000000000137e+00 6.841897999999999036e-03
2.501994999999999969e+00 6.625573000000000053e-03
2.504493000000000080e+00 6.993644000000000249e-03
2.506994000000000167e+00 6.912217999999999488e-03
2.509497000000000089e+00 6.657765000000000384e-03
2.512002999999999986e+00 8.346217999999998999e-03
2.514510999999999719e+00 6.931135000000000594e-03
2.517021999999999871e+00 6.846808000000000234e-03
2.519535000000000302e+00 7.440366000000001208e-03
2.522051000000000265e+00 7.103601999999999660e-03
2.524569999999999759e+00 7.484716000000000632e-03
2.527090000000000281e+00 6.919119000000000484e-03
2.529614000000000029e+00 6.981852000000000197e-03
2.532140000000000057e+00 7.121726999999999572e-03
2.534667999999999921e+00 8.013387000000000288e-03
2.537198999999999760e+00 7.333207000000000440e-03
2.539733000000000018e+00 7.892612999999999712e-03
2.542269000000000112e+00 7.018655000000000380e-03
2.544807000000000041e+00 6.855748999999999524e-03
2.547347999999999946e+00 7.001108999999999284e-03
2.549892000000000269e+00 6.831044999999999999e-03
2.552437999999999985e+00 7.195657000000000268e-03
2.554987000000000119e+00 7.034382000000000482e-03
2.557537999999999645e+00 7.048297000000000243e-03
2.560092000000000034e+00 8.346217999999998999e-03
2.562647999999999815e+00 7.516471999999999737e-03
2.565207000000000015e+00 6.957076000000000406e-03
2.567769000000000190e+00 8.295828999999999356e-03
2.570333000000000201e+00 6.727125000000001333e-03
2.572899000000000047e+00 6.880812000000000039e-03
2.575468000000000313e+00 6.973936000000000024e-03
2.578040000000000109e+00 7.944572999999999913e-03
2.580613999999999741e+00 6.817967000000000298e-03
2.583191000000000237e+00 7.382060000000000184e-03
2.585769999999999680e+00 7.053807999999999953e-03
2.588351999999999986e+00 7.613982000000000042e-03
2.590936999999999824e+00 6.803263000000001233e-03
2.593523999999999941e+00 7.498918999999999724e-03
2.596114000000000033e+00 7.878481000000001414e-03
2.598705999999999960e+00 6.702171000000000690e-03
2.601300999999999863e+00 7.477308000000000218e-03
2.603898999999999742e+00 7.330643999999999008e-03
2.606499000000000343e+00 7.946849000000000621e-03
2.609100999999999893e+00 7.607807999999999758e-03
2.611707000000000001e+00 7.185808999999999599e-03
2.614314999999999944e+00 7.270781999999999939e-03
2.616924999999999724e+00 7.728403000000000009e-03
2.619537999999999922e+00 6.967014999999999146e-03
2.622154000000000096e+00 7.059071999999999569e-03
2.624772000000000105e+00 7.253850999999999528e-03
2.627393000000000089e+00 7.137980000000000366e-03
2.630017000000000049e+00 6.860283000000000006e-03
2.632643000000000288e+00 7.711112000000000001e-03
2.635272000000000059e+00 6.817273999999999036e-03
2.637903000000000109e+00 7.299130000000000028e-03
2.640537000000000134e+00 8.344776999999999403e-03
2.643174000000000134e+00 8.187305000000000624e-03
2.645812999999999970e+00 8.094574000000000213e-03
2.648454999999999782e+00 7.744930000000000564e-03
2.651100000000000012e+00 7.629881999999999290e-03
2.653747000000000078e+00 7.269910000000000955e-03
2.656396999999999675e+00 7.357854000000000477e-03
2.659048999999999996e+00 7.962641000000001204e-03
2.661703999999999848e+00 8.226314999999997934e-03
2.664362000000000119e+00 7.544412999999999814e-03
2.667022999999999922e+00 7.503359999999999717e-03
2.669686000000000003e+00 7.763523999999999946e-03
2.672351000000000365e+00 8.015227000000001503e-03
2.675019999999999953e+00 7.425313999999999699e-03
2.677691000000000265e+00 7.613639000000000170e-03
2.680364999999999664e+00 7.509019999999999931e-03
2.683041000000000231e+00 8.030294999999999794e-03
2.685719999999999885e+00 8.346166000000000348e-03
2.688401999999999958e+00 7.513063000000000380e-03
2.691087000000000007e+00 8.345115000000000172e-03
2.693773999999999891e+00 8.300747000000000680e-03
2.696464000000000194e+00 7.683358000000000375e-03
2.699155999999999889e+00 7.751215999999999141e-03
2.701851000000000003e+00 7.987848000000000517e-03
2.704549000000000092e+00 8.042320999999999845e-03
2.707250000000000156e+00 7.686627000000000563e-03
2.709953000000000056e+00 7.793463999999999947e-03
2.712658999999999931e+00 7.645600999999999266e-03
2.715367999999999782e+00 8.169054999999999719e-03
2.718078999999999912e+00 7.560139999999999048e-03
2.720793000000000017e+00 7.744254000000000762e-03
2.723510000000000097e+00 7.812185000000000136e-03
2.726229999999999709e+00 7.829482000000000455e-03
2.728952000000000044e+00 8.326498999999999359e-03
2.731676999999999911e+00 8.165759999999999338e-03
2.734404999999999752e+00 7.980160000000000031e-03
2.737134999999999874e+00 7.977185000000001219e-03
2.739868000000000414e+00 7.476146999999999827e-03
2.742604000000000042e+00 7.863840999999999887e-03
2.745343000000000089e+00 7.866810000000000122e-03
2.748083999999999971e+00 8.341632999999999340e-03
2.750827999999999829e+00 7.590031000000000555e-03
2.753575000000000106e+00 7.871997999999999843e-03
2.756324000000000218e+00 7.763086000000000639e-03
2.759077000000000002e+00 7.454986000000000251e-03
2.761832000000000065e+00 7.666114000000000782e-03
2.764588999999999963e+00 7.693332000000000642e-03
2.767349999999999977e+00 7.611141000000000954e-03
2.770113000000000270e+00 8.101103999999999597e-03
2.772878999999999650e+00 7.940383999999999984e-03
2.775647999999999893e+00 8.236590000000000231e-03
2.778420000000000112e+00 8.100750000000000312e-03
2.781194000000000166e+00 8.064831999999999210e-03
2.783971000000000195e+00 8.344202999999999690e-03
2.786750999999999756e+00 7.377854999999999136e-03
2.789533999999999736e+00 8.316956000000000349e-03
2.792318999999999996e+00 8.076610999999999166e-03
2.795107000000000230e+00 7.386354000000000357e-03
2.797897999999999996e+00 7.945039000000000962e-03
2.800691999999999737e+00 8.342857000000000398e-03
2.803488999999999898e+00 7.822795000000000443e-03
2.806287999999999894e+00 7.273601999999999672e-03
2.809089999999999865e+00 7.924429999999999669e-03
2.811895000000000255e+00 7.668483000000000244e-03
2.814702999999999733e+00 8.346217999999998999e-03
2.817514000000000074e+00 7.958547999999999317e-03
2.820326999999999806e+00 7.845687000000000494e-03
2.823142999999999958e+00 8.299520000000001202e-03
2.825962000000000085e+00 7.884752999999999554e-03
2.828783999999999743e+00 7.751624999999999835e-03
2.831609000000000265e+00 7.752532000000000346e-03
2.834436000000000178e+00 7.312886999999999686e-03
2.837267000000000206e+00 8.345803000000000596e-03
2.840100000000000069e+00 7.539151000000000012e-03
2.842935999999999908e+00 8.143300999999998624e-03
2.845774000000000026e+00 7.493543000000000946e-03
2.848616000000000259e+00 8.341618000000000296e-03
2.851461000000000023e+00 8.056383999999999768e-03
2.854308000000000067e+00 7.888143999999999711e-03
2.857158000000000087e+00 7.905544000000000460e-03
2.860010999999999637e+00 7.396601999999999517e-03
2.862867000000000051e+00 8.308708999999999192e-03
2.865724999999999856e+00 8.345958000000000543e-03
2.868586999999999776e+00 7.806448000000000553e-03
2.871450999999999976e+00 7.453112999999999926e-03
2.874318999999999846e+00 7.685669000000000875e-03
2.877188999999999997e+00 7.971377999999999450e-03
2.880062000000000122e+00 7.522736999999999827e-03
2.882938000000000223e+00 7.931220000000000978e-03
2.885816000000000159e+00 7.428096999999999825e-03
2.888697999999999766e+00 7.984421000000000226e-03
2.891582000000000097e+00 7.913119999999999182e-03
2.894470000000000098e+00 7.601305999999999514e-03
2.897359999999999935e+00 7.481526999999999969e-03
2.900253000000000192e+00 7.570320000000001041e-03
2.903148999999999980e+00 7.431947000000000379e-03
2.906047999999999742e+00 7.589840999999999949e-03
2.908949999999999925e+00 8.130921000000001023e-03
2.911853999999999942e+00 7.765303000000000309e-03
2.914761999999999631e+00 7.819925000000000140e-03
2.917672999999999739e+00 7.253688000000000323e-03
2.920586000000000126e+00 8.236059999999999909e-03
2.923502000000000045e+00 7.707832999999999872e-03
2.926420999999999939e+00 8.064965999999999802e-03
2.929343999999999948e+00 7.708327999999999534e-03
2.932269000000000236e+00 7.309378000000000056e-03
2.935197000000000056e+00 7.110934000000000178e-03
2.938127999999999851e+00 7.970628999999999909e-03
2.941060999999999925e+00 7.547240999999999672e-03
2.943998000000000115e+00 7.368757000000000085e-03
2.946937999999999835e+00 7.578920000000000275e-03
2.949880000000000280e+00 7.603534999999999808e-03
2.952825999999999951e+00 7.510415000000000320e-03
2.955775000000000041e+00 7.511917000000000767e-03
2.958725999999999967e+00 7.365728000000000206e-03
2.961679999999999868e+00 7.241552000000000058e-03
2.964638000000000329e+00 7.243293999999999948e-03
2.967598000000000180e+00 7.367610999999999605e-03
2.970561000000000007e+00 7.758418999999999906e-03
2.973527000000000253e+00 7.391720999999999535e-03
2.976496999999999726e+00 7.186033999999999998e-03
2.979468999999999923e+00 7.574799000000000115e-03
2.982444000000000095e+00 7.949753000000000375e-03
2.985421999999999798e+00 7.084316000000001091e-03
2.988402999999999921e+00 6.964158999999999280e-03
2.991387000000000018e+00 8.056639000000000855e-03
2.994374000000000091e+00 7.240202999999999743e-03
2.997364000000000139e+00 7.049613999999999187e-03
3.000357000000000163e+00 7.185481000000000507e-03
3.003353000000000161e+00 7.596786000000000337e-03
3.006352000000000135e+00 7.298295999999999256e-03
3.009354000000000084e+00 6.942061000000000238e-03
3.012359000000000009e+00 6.884141000000000739e-03
3.015366999999999909e+00 6.791074000000000242e-03
3.018377999999999783e+00 7.593896000000000153e-03
3.021392000000000078e+00 6.929511999999999651e-03
3.024408999999999903e+00 7.512640999999999590e-03
3.027429000000000148e+00 6.856407000000000126e-03
3.030451999999999924e+00 6.953620000000000634e-03
3.033478000000000119e+00 7.774559000000000331e-03
3.036506999999999845e+00 6.926556999999999853e-03
3.039538999999999991e+00 7.131541999999999396e-03
3.042574000000000112e+00 7.533816999999999944e-03
3.045612000000000208e+00 6.743751999999999559e-03
3.048652999999999835e+00 6.974089999999999630e-03
3.051696999999999882e+00 6.869932999999999942e-03
3.054745000000000044e+00 7.286977000000000038e-03
3.057795000000000041e+00 6.830114000000000844e-03
3.060848000000000013e+00 7.317019000000000127e-03
3.063905000000000101e+00 7.711189999999999711e-03
3.066964000000000024e+00 7.246306999999999575e-03
3.070025999999999922e+00 6.844036999999998996e-03
3.073091999999999935e+00 7.554119000000000632e-03
3.076160999999999923e+00 6.911279000000000207e-03
3.079232000000000191e+00 7.005261000000000474e-03
3.082307000000000130e+00 6.979281999999999847e-03
3.085385000000000044e+00 7.478498000000000090e-03
3.088465999999999934e+00 6.824635999999999376e-03
3.091550000000000242e+00 7.603149000000000018e-03
3.094637000000000082e+00 7.150651999999999529e-03
3.097726999999999897e+00 6.965122000000000674e-03
3.100820000000000132e+00 7.261636999999999606e-03
3.103915999999999897e+00 6.889821000000000834e-03
3.107016000000000222e+00 7.927522999999998821e-03
3.110118000000000382e+00 7.919287000000000548e-03
3.113223999999999769e+00 6.801833000000000184e-03
3.116332000000000324e+00 7.084158999999999595e-03
3.119444000000000106e+00 6.917824999999999842e-03
3.122558999999999862e+00 7.701175000000000208e-03
3.125677000000000039e+00 6.800180999999999761e-03
3.128797999999999746e+00 7.305310000000000623e-03
3.131921999999999873e+00 6.903158999999999858e-03
3.135050000000000114e+00 7.413623000000000261e-03
3.138180000000000192e+00 7.495103000000000355e-03
3.141313999999999940e+00 7.204814000000000357e-03
3.144449999999999967e+00 6.932081000000000527e-03
3.147589999999999666e+00 6.838537999999999908e-03
3.150733000000000228e+00 7.586161999999999593e-03
3.153878999999999877e+00 6.969526000000001061e-03
3.157029000000000085e+00 6.913968999999999844e-03
3.160181000000000129e+00 7.438440999999999630e-03
3.163336999999999843e+00 7.906037999999998914e-03
3.166495000000000282e+00 6.844545000000000490e-03
3.169657000000000391e+00 6.814557999999999206e-03
3.172822000000000031e+00 6.858061999999999839e-03
3.175990000000000091e+00 7.631739999999999705e-03
3.179162000000000265e+00 7.015788999999999706e-03
3.182336000000000276e+00 6.797085000000000453e-03
3.185514000000000401e+00 7.020478000000000135e-03
3.188695000000000057e+00 7.265180000000000422e-03
3.191879000000000133e+00 6.841297999999999997e-03
3.195066000000000184e+00 7.209723000000000347e-03
3.198256000000000210e+00 7.121165999999999954e-03
3.201449999999999907e+00 7.612193999999999211e-03
3.204647000000000023e+00 7.580962999999999591e-03
3.207846999999999671e+00 7.083304000000000336e-03
3.211049999999999738e+00 7.092693000000000608e-03
3.214255999999999780e+00 6.954370999999999990e-03
3.217465999999999937e+00 6.874310000000000663e-03
3.220679000000000070e+00 7.344886999999999597e-03
3.223894000000000037e+00 8.058433000000000263e-03
3.227113999999999816e+00 7.167315999999999965e-03
3.230335999999999874e+00 6.891007999999999682e-03
3.233562000000000047e+00 7.216840000000000407e-03
3.236789999999999612e+00 7.072015999999999546e-03
3.240022999999999875e+00 6.798210999999999317e-03
3.243257999999999974e+00 7.937862000000000390e-03
3.246496000000000048e+00 6.817801000000000070e-03
3.249738000000000238e+00 6.859028000000000520e-03
3.252983000000000402e+00 6.822913999999999368e-03
3.256231000000000098e+00 6.931610000000000375e-03
3.259482999999999908e+00 7.859635000000000232e-03
3.262736999999999998e+00 6.824913999999999634e-03
3.265994999999999759e+00 6.759119000000000065e-03
3.269257000000000080e+00 7.097463000000000903e-03
3.272520999999999791e+00 6.738611999999999727e-03
3.275789000000000062e+00 7.185992000000000421e-03
3.279059999999999864e+00 6.801614999999999571e-03
3.282334000000000085e+00 7.367523999999999428e-03
3.285611999999999977e+00 7.234095999999999756e-03
3.288892000000000149e+00 6.784791000000000086e-03
3.292177000000000131e+00 6.891962000000000609e-03
3.295463999999999949e+00 6.815381000000000564e-03
3.298754999999999882e+00 7.030136999999999671e-03
3.302048000000000094e+00 6.758401000000000686e-03
3.305346000000000117e+00 6.978726999999999674e-03
3.308645999999999976e+00 7.052659999999999658e-03
3.311949999999999950e+00 8.306881999999999808e-03
3.315257000000000343e+00 6.917252000000000470e-03
3.318567999999999962e+00 6.826499000000000629e-03
3.321880999999999862e+00 7.142439999999999900e-03
3.325197999999999876e+00 6.976248000000000865e-03
3.328519000000000005e+00 7.340176000000000339e-03
3.331841999999999970e+00 7.369845999999999342e-03
3.335169000000000050e+00 6.871107999999999903e-03
3.338499999999999801e+00 7.176959000000000984e-03
3.341833000000000276e+00 7.664642999999999630e-03
3.345169999999999977e+00 7.142308000000000857e-03
3.348510000000000097e+00 6.900380000000000229e-03
3.351853999999999889e+00 6.846451999999999399e-03
3.355201000000000100e+00 6.834202999999999632e-03
3.358550999999999842e+00 7.049760000000000401e-03
3.361904999999999699e+00 6.925086999999999909e-03
3.365261999999999976e+00 6.917981000000000130e-03
3.368621999999999783e+00 7.026658999999999336e-03
3.371986000000000150e+00 6.822434000000000484e-03
3.375353000000000048e+00 6.795718000000000071e-03
3.378722999999999921e+00 6.786832999999999928e-03
3.382096999999999909e+00 6.832926999999999924e-03
3.385474000000000316e+00 7.651446000000000115e-03
3.388854999999999951e+00 6.897138000000000574e-03
3.392239000000000004e+00 7.229173000000000196e-03
3.395626000000000033e+00 6.823974000000000012e-03
3.399016999999999733e+00 6.887858000000000175e-03
3.402410999999999852e+00 6.818461999999999960e-03
3.405807999999999947e+00 6.768113999999999554e-03
3.409209000000000156e+00 7.085611999999999813e-03
3.412612999999999897e+00 7.385154000000000545e-03
3.416020999999999752e+00 6.858389999999999799e-03
3.419432000000000027e+00 7.136075999999999878e-03
3.422846000000000277e+00 6.815688000000000302e-03
3.426264000000000198e+00 7.299774999999999667e-03
3.429685000000000095e+00 7.024967000000000017e-03
3.433110000000000106e+00 7.003933999999999854e-03
3.436537999999999649e+00 7.805110999999999993e-03
3.439970000000000194e+00 7.207723000000000081e-03
3.443404000000000131e+00 7.010684000000000533e-03
3.446842999999999879e+00 7.205626000000000565e-03
3.450285000000000046e+00 6.891983999999999437e-03
3.453730000000000189e+00 7.096238000000000372e-03
3.457179000000000002e+00 6.928693000000000525e-03
3.460631000000000235e+00 6.844194000000000493e-03
3.464085999999999999e+00 6.914381000000000693e-03
3.467544999999999877e+00 6.974552999999999656e-03
3.471008000000000315e+00 7.985069000000000888e-03
3.474474000000000284e+00 6.794658999999999768e-03
3.477942999999999785e+00 7.256137000000001044e-03
3.481415999999999844e+00 7.306799000000000974e-03
3.484891999999999879e+00 7.564768999999999834e-03
3.488372000000000028e+00 6.901994000000000705e-03
3.491854999999999709e+00 6.942608000000000286e-03
3.495341999999999949e+00 7.006473000000000041e-03
3.498831999999999720e+00 6.797705000000001108e-03
3.502326000000000050e+00 6.880939999999999453e-03
3.505822999999999912e+00 6.830558999999999936e-03
3.509323999999999888e+00 6.746124000000000044e-03
3.512827999999999840e+00 6.770582000000000683e-03
3.516335999999999906e+00 7.280387000000001010e-03
3.519846999999999948e+00 6.775596999999999523e-03
3.523361999999999661e+00 7.256290000000000309e-03
3.526879999999999793e+00 8.082637000000000155e-03
3.530402000000000040e+00 6.789843999999999741e-03
3.533926999999999818e+00 6.870441000000000568e-03
3.537456000000000156e+00 6.794057999999998654e-03
3.540988000000000024e+00 7.031077999999999634e-03
3.544524000000000008e+00 7.166697999999999992e-03
3.548062999999999967e+00 6.766914000000000609e-03
3.551606000000000041e+00 6.820707999999999979e-03
3.555151999999999646e+00 7.456087999999999605e-03
3.558701999999999810e+00 6.869988999999999957e-03
3.562255999999999645e+00 6.787068000000000267e-03
3.565812999999999899e+00 6.860571000000000204e-03
3.569373000000000129e+00 7.544191999999999912e-03
3.572937999999999725e+00 6.753213000000000098e-03
3.576505000000000045e+00 6.784202000000000461e-03
3.580076999999999732e+00 6.762025999999999974e-03
3.583650999999999698e+00 6.795855999999999425e-03
3.587229999999999919e+00 6.794913999999999989e-03
3.590812000000000115e+00 6.742019000000000137e-03
3.594396999999999842e+00 6.718975999999999768e-03
3.597986000000000129e+00 7.655515000000000757e-03
3.601579000000000086e+00 7.624574999999999755e-03
3.605175000000000018e+00 6.773192999999999402e-03
3.608775000000000066e+00 6.858402999999999028e-03
3.612378999999999785e+00 7.570983999999999353e-03
3.615985999999999922e+00 6.774778999999999871e-03
3.619597000000000175e+00 6.681878999999999943e-03
3.623210999999999959e+00 6.854546000000000423e-03
3.626828999999999859e+00 7.054006000000000685e-03
3.630450000000000177e+00 6.789009000000000363e-03
3.634075999999999862e+00 6.823637000000000452e-03
3.637703999999999827e+00 7.522292000000000735e-03
3.641337000000000046e+00 6.719646999999999600e-03
3.644973000000000241e+00 6.707047000000000703e-03
3.648611999999999966e+00 6.825659999999999887e-03
3.652255999999999947e+00 7.245208999999999851e-03
3.655902999999999903e+00 6.682440999999999902e-03
3.659552999999999834e+00 6.753490000000000014e-03
3.663206999999999880e+00 6.786662999999999203e-03
3.666865000000000041e+00 6.674421999999999300e-03
3.670526999999999873e+00 6.752101000000000804e-03
3.674192000000000125e+00 7.269875000000000295e-03
3.677861000000000047e+00 6.676878000000000674e-03
3.681532999999999944e+00 7.225933999999999829e-03
3.685208999999999957e+00 6.655325999999999603e-03
3.688888999999999641e+00 6.955603999999999780e-03
3.692572999999999883e+00 6.785163999999999779e-03
3.696259999999999657e+00 7.472134999999999541e-03
3.699950999999999990e+00 7.003688999999999575e-03
3.703645000000000298e+00 6.806216999999999823e-03
3.707343000000000277e+00 7.107961000000000314e-03
3.711044999999999927e+00 6.795472999999999791e-03
3.714751000000000136e+00 6.732652000000000428e-03
3.718459999999999877e+00 7.043075000000000203e-03
3.722173000000000176e+00 6.758644000000000283e-03
3.725889999999999702e+00 6.863859000000000800e-03
3.729610000000000092e+00 6.688703999999999310e-03
3.733334999999999848e+00 6.665545000000000150e-03
3.737061999999999884e+00 6.782586000000000170e-03
3.740794000000000175e+00 6.769456999999999558e-03
3.744528999999999996e+00 6.757054000000000185e-03
3.748267999999999933e+00 7.443497000000000308e-03
3.752010999999999985e+00 6.574693999999999851e-03
3.755757999999999708e+00 6.762019999999999663e-03
3.759507999999999850e+00 6.696461999999999380e-03
3.763261999999999663e+00 7.044045999999999988e-03
3.767019999999999591e+00 6.627281999999999965e-03
3.770780999999999938e+00 7.093539999999999741e-03
3.774545999999999957e+00 7.630162999999999703e-03
3.778315000000000090e+00 7.022150000000000440e-03
3.782087999999999894e+00 7.199073999999999751e-03
3.785865000000000258e+00 7.391351999999999471e-03
3.789644999999999708e+00 6.667429999999999364e-03
3.793429000000000162e+00 7.578859999999999764e-03
3.797217000000000287e+00 7.055209999999999260e-03
3.801009000000000082e+00 6.603185000000000131e-03
3.804804000000000297e+00 6.654963000000000718e-03
3.808603000000000183e+00 6.564206000000000381e-03
3.812407000000000323e+00 6.772710999999999835e-03
3.816212999999999855e+00 6.592004999999999740e-03
3.820023999999999642e+00 6.548935000000000520e-03
3.823838000000000292e+00 6.651358000000000444e-03
3.827656999999999865e+00 6.625352000000000151e-03
3.831478999999999857e+00 6.752291999999999149e-03
3.835304999999999964e+00 6.639199999999999616e-03
3.839134000000000047e+00 6.774218999999999727e-03
3.842968000000000384e+00 6.622255999999999108e-03
3.846804999999999808e+00 6.795686999999999908e-03
3.850646000000000235e+00 7.497770999999999429e-03
3.854490999999999445e+00 6.653864000000000653e-03
3.858340000000000103e+00 6.799735999999999801e-03
3.862192999999999987e+00 6.914327999999999100e-03
3.866048999999999847e+00 6.745229999999999629e-03
3.869909999999999961e+00 7.438273999999999928e-03
3.873773999999999607e+00 7.724973000000001297e-03
3.877641999999999811e+00 7.001020000000000160e-03
3.881514000000000131e+00 6.561197000000000383e-03
3.885390000000000121e+00 6.667344999999999869e-03
3.889269999999999783e+00 6.953127999999999392e-03
3.893152999999999864e+00 6.625122000000000649e-03
3.897040999999999755e+00 6.713672000000000389e-03
3.900932000000000066e+00 6.658315000000000587e-03
3.904827000000000048e+00 6.651934999999999445e-03
3.908725999999999701e+00 6.555566999999999991e-03
3.912628999999999913e+00 6.657477000000001054e-03
3.916535999999999795e+00 6.756284000000000421e-03
3.920446999999999793e+00 6.712479999999999836e-03
3.924362000000000350e+00 6.797604999999999967e-03
3.928279999999999550e+00 6.562092999999999746e-03
3.932202999999999893e+00 7.525005999999999015e-03
3.936128999999999767e+00 6.709045000000000286e-03
3.940060000000000340e+00 6.863588000000000328e-03
3.943994000000000000e+00 6.773331999999999097e-03
3.947931999999999775e+00 6.675142999999999702e-03
3.951874000000000109e+00 6.698937999999999768e-03
3.955821000000000254e+00 6.637001999999999485e-03
3.959770999999999486e+00 6.532242999999999210e-03
3.963724999999999721e+00 6.799607000000000047e-03
3.967683000000000515e+00 6.638391999999999904e-03
3.971643999999999952e+00 6.799920000000000096e-03
3.975610000000000532e+00 6.892080000000000949e-03
3.979580000000000339e+00 7.043397999999999326e-03
3.983554000000000261e+00 6.632467999999999871e-03
3.987532000000000298e+00 6.538239000000000377e-03
3.991513000000000311e+00 6.872323999999999967e-03
3.995498999999999690e+00 6.613970000000000266e-03
3.999489000000000516e+00 7.703012000000000400e-03
4.003481999999999985e+00 7.353072000000000427e-03
4.007479999999999265e+00 6.822464999999999780e-03
4.011480999999999852e+00 6.607644000000000191e-03
4.015487000000000251e+00 6.670668999999999731e-03
4.019497000000000320e+00 6.835494000000000119e-03
4.023510000000000808e+00 6.845322000000000039e-03
4.027528000000000219e+00 7.004579999999999834e-03
4.031550000000000189e+00 6.694885000000000246e-03
4.035574999999999690e+00 6.629781999999998995e-03
4.039604999999999890e+00 6.727745999999999726e-03
4.043638999999999761e+00 6.872337999999999537e-03
4.047676000000000052e+00 7.388730999999999945e-03
4.051718000000000153e+00 7.214570000000000011e-03
4.055763999999999925e+00 7.103116999999999938e-03
4.059813999999999368e+00 6.799038999999999777e-03
4.063868000000000258e+00 8.233622999999998943e-03
4.067924999999999791e+00 7.286234999999999414e-03
4.071987000000000023e+00 6.915079999999999665e-03
4.076052999999999926e+00 6.660163999999999668e-03
4.080123999999999640e+00 7.162266999999999939e-03
4.084197999999999773e+00 6.544064999999999951e-03
4.088275999999999577e+00 7.514680999999999618e-03
4.092357999999999940e+00 6.903399999999999641e-03
4.096445000000000114e+00 6.856520000000000496e-03
4.100534999999999819e+00 6.832572999999999772e-03
4.104630000000000223e+00 6.743666999999999197e-03
4.108728000000000158e+00 6.762324999999999586e-03
4.112830999999999904e+00 6.666781000000000963e-03
4.116938000000000208e+00 6.910153000000000476e-03
4.121049000000000184e+00 7.098225000000000541e-03
4.125163999999999831e+00 6.790153000000000161e-03
4.129283000000000037e+00 7.585448999999999317e-03
4.133405999999999914e+00 7.053254000000000121e-03
4.137533000000000349e+00 7.063730000000000703e-03
4.141664999999999708e+00 6.668671000000000147e-03
4.145800000000000374e+00 6.966811000000000705e-03
4.149939999999999962e+00 6.826597999999999694e-03
4.154084000000000110e+00 6.801507000000000039e-03
4.158231999999999928e+00 6.666840000000000266e-03
4.162383999999999418e+00 6.619446000000000184e-03
4.166541000000000494e+00 6.616775000000000954e-03
4.170701000000000214e+00 6.783352999999999779e-03
4.174865999999999744e+00 7.142640000000000447e-03
4.179033999999999693e+00 7.616137999999999728e-03
4.183207000000000342e+00 8.346217999999998999e-03
4.187384000000000661e+00 7.126632000000000799e-03
4.191565999999999903e+00 7.707692999999999836e-03
4.195750999999999564e+00 7.308841999999999423e-03
4.199940999999999924e+00 6.939452999999999941e-03
4.204133999999999816e+00 6.917256000000000099e-03
4.208332000000000406e+00 6.942386000000000043e-03
4.212534999999999918e+00 7.193287999999999939e-03
4.216740999999999850e+00 7.657312999999999793e-03
4.220952000000000481e+00 7.188428000000000179e-03
4.225165999999999755e+00 8.340086000000000027e-03
4.229385000000000616e+00 8.346217999999998999e-03
4.233607999999999372e+00 7.522613999999999516e-03
4.237835999999999714e+00 7.935758000000001089e-03
4.242068000000000616e+00 8.328503000000000989e-03
4.246303000000000161e+00 8.346217999999998999e-03
4.250543999999999656e+00 7.349185000000000266e-03
4.254787999999999570e+00 8.346217999999998999e-03
4.259036000000000044e+00 8.346217999999998999e-03
4.263289000000000328e+00 7.675167000000000100e-03
4.267546000000000284e+00 7.679791000000000048e-03
4.271808000000000050e+00 7.558121000000000110e-03
4.276073000000000235e+00 8.305828999999998949e-03
4.280342999999999343e+00 8.307510000000000588e-03
4.284616999999999898e+00 8.273983999999999853e-03
4.288895000000000124e+00 8.146686000000000205e-03
4.293177999999999273e+00 8.287552999999999587e-03
4.297464999999999868e+00 8.339234000000000924e-03
4.301755999999999247e+00 8.320490999999999304e-03
4.306051999999999325e+00 7.854500000000000370e-03
4.310351000000000710e+00 8.338106999999999117e-03
4.314655000000000129e+00 8.342881999999999382e-03
4.318964000000000247e+00 8.346217999999998999e-03
4.323275999999999897e+00 7.988504000000000438e-03
4.327593000000000245e+00 8.328989000000000184e-03
4.331915000000000404e+00 8.337541999999999870e-03
4.336240000000000094e+00 7.736595000000000624e-03
4.340569999999999595e+00 8.346217999999998999e-03
4.344903999999999655e+00 8.300214999999999677e-03
4.349242999999999526e+00 8.294523999999999300e-03
4.353585999999999956e+00 8.342373000000000149e-03
4.357933000000000057e+00 8.109376999999999211e-03
4.362283999999999828e+00 8.346208000000000793e-03
4.366640000000000299e+00 8.346212999999999896e-03
4.371001000000000580e+00 8.346217999999998999e-03
4.375364999999999505e+00 8.346217999999998999e-03
4.379734000000000016e+00 8.346217999999998999e-03
4.384107000000000198e+00 8.157362999999999073e-03
4.388485000000000191e+00 8.231660000000000019e-03
4.392866999999999855e+00 8.159335000000000199e-03
4.397254000000000218e+00 8.150674999999999587e-03
4.401644000000000112e+00 8.346217999999998999e-03
4.406039999999999957e+00 8.346217999999998999e-03
4.410439000000000220e+00 8.346217999999998999e-03
4.414842999999999407e+00 8.344270000000000853e-03
4.419251999999999292e+00 8.341278000000000581e-03
4.423664000000000485e+00 7.836425999999998768e-03
4.428081999999999852e+00 8.234498999999999291e-03
4.432503000000000526e+00 8.087014000000000008e-03
4.436929000000000123e+00 8.169952999999998897e-03
4.441360000000000419e+00 8.293936000000000017e-03
4.445795000000000385e+00 8.342965000000000797e-03
4.450234000000000023e+00 8.339894000000000474e-03
4.454677999999999471e+00 8.346217999999998999e-03
4.459125999999999479e+00 8.346202999999999955e-03
4.463578000000000046e+00 8.198074000000001374e-03
4.468035000000000423e+00 8.333844999999999448e-03
4.472496999999999723e+00 8.346217999999998999e-03
4.476963000000000470e+00 8.346152000000000779e-03
4.481433000000000000e+00 8.173794999999999325e-03
4.485908000000000229e+00 8.251656000000001309e-03
4.490386999999999240e+00 8.216673000000000726e-03
4.494870999999999839e+00 8.194662999999999600e-03
4.499360000000000248e+00 8.344040999999999958e-03
4.503851999999999300e+00 8.301247000000001180e-03
4.508350000000000080e+00 8.216645999999999325e-03
4.512850999999999502e+00 8.346217999999998999e-03
4.517358000000000651e+00 8.025268999999999806e-03
4.521867999999999554e+00 8.288989999999999553e-03
4.526384000000000185e+00 8.333871999999999114e-03
4.530903000000000347e+00 8.327572000000000099e-03
4.535427999999999571e+00 8.334654000000000368e-03
4.539956000000000103e+00 8.319214000000000123e-03
4.544489999999999696e+00 7.868187000000000444e-03
4.549027999999999849e+00 8.136434999999999154e-03
4.553570000000000562e+00 8.041648000000000199e-03
4.558117000000000196e+00 8.318256999999999041e-03
4.562668000000000390e+00 8.034818000000000862e-03
4.567223999999999506e+00 8.190361999999999643e-03
4.571785000000000210e+00 7.880249000000000628e-03
4.576349999999999696e+00 7.946019999999999819e-03
4.580919999999999881e+00 7.752736999999999129e-03
4.585493999999999737e+00 8.298680000000000986e-03
4.590072999999999404e+00 8.196835000000001273e-03
4.594655999999999629e+00 8.091064999999999716e-03
4.599244000000000554e+00 8.335407999999999012e-03
4.603836000000000261e+00 8.163316999999999796e-03
4.608433999999999919e+00 8.284261000000001096e-03
4.613034999999999997e+00 8.098644000000000329e-03
4.617642000000000024e+00 8.346217999999998999e-03
4.622252000000000471e+00 7.784819999999999587e-03
4.626867999999999981e+00 7.648405000000000481e-03
4.631488000000000049e+00 8.040069999999999856e-03
4.636112999999999928e+00 7.632885999999999317e-03
4.640742000000000367e+00 8.132867000000000221e-03
4.645375999999999728e+00 8.122466999999999535e-03
4.650014999999999787e+00 7.921199000000000295e-03
4.654657999999999518e+00 7.932247999999999383e-03
4.659305999999999948e+00 7.743438999999999531e-03
4.663958000000000048e+00 7.841037999999999827e-03
4.668614999999999959e+00 8.038189000000001139e-03
4.673277000000000569e+00 8.041654000000000510e-03
4.677942999999999962e+00 7.918965999999999505e-03
4.682615000000000194e+00 8.341434999999999475e-03
4.687289999999999957e+00 7.402104000000000496e-03
4.691970999999999670e+00 7.621116999999999302e-03
4.696655999999999942e+00 7.542971000000000745e-03
4.701346000000000025e+00 7.823244999999999505e-03
4.706039999999999779e+00 7.583265000000000491e-03
4.710738999999999344e+00 7.711048000000000728e-03
4.715442999999999607e+00 7.526770000000000335e-03
4.720151999999999681e+00 7.565363000000000296e-03
4.724865000000000315e+00 7.634693999999999162e-03
4.729582999999999871e+00 7.417523000000000519e-03
4.734306000000000125e+00 7.504160999999999644e-03
4.739033000000000051e+00 7.454212000000000858e-03
4.743765000000000676e+00 7.416793999999999991e-03
4.748502000000000223e+00 7.385486000000000134e-03
4.753242999999999441e+00 7.158265999999999935e-03
4.757990000000000386e+00 7.209738000000000258e-03
4.762741000000000113e+00 7.346125000000000224e-03
4.767496999999999652e+00 7.146035999999999708e-03
4.772256999999999749e+00 8.174969000000000680e-03
4.777022000000000546e+00 7.279698000000000245e-03
4.781792000000000264e+00 7.119539999999999723e-03
4.786566999999999794e+00 7.252944000000000752e-03
4.791347000000000023e+00 7.169245000000000305e-03
4.796130999999999922e+00 7.174255000000000042e-03
4.800919999999999632e+00 7.012891999999999737e-03
4.805714000000000041e+00 7.476379000000000011e-03
4.810512999999999373e+00 7.533197999999999631e-03
4.815316000000000152e+00 8.139263000000000747e-03
4.820123999999999853e+00 7.713529000000000219e-03
4.824938000000000393e+00 7.957967999999999292e-03
4.829755000000000464e+00 7.905600000000000474e-03
4.834578000000000486e+00 7.307090999999999933e-03
4.839406000000000319e+00 7.275266000000000718e-03
4.844237999999999822e+00 7.395186000000000641e-03
4.849075000000000024e+00 6.893897999999999866e-03
4.853917000000000037e+00 7.300645000000000572e-03
4.858763999999999861e+00 7.445770999999999466e-03
4.863615999999999495e+00 7.328474999999999226e-03
4.868472000000000577e+00 7.264209000000000638e-03
4.873332999999999693e+00 7.342790000000000081e-03
4.878200000000000536e+00 7.451440999999999620e-03
4.883071000000000161e+00 7.007175000000000036e-03
4.887946999999999598e+00 7.876798000000000827e-03
4.892826999999999593e+00 8.089676999999999979e-03
4.897713000000000427e+00 7.246715999999999401e-03
4.902604000000000184e+00 7.740442000000000156e-03
4.907498999999999612e+00 7.235105999999999829e-03
4.912399000000000626e+00 7.483392000000000169e-03
4.917304999999999815e+00 6.924440999999999929e-03
4.922215000000000451e+00 7.332020999999999331e-03
4.927130000000000010e+00 7.007577999999999550e-03
4.932049999999999379e+00 7.838866999999999363e-03
4.936974000000000196e+00 7.340257999999999679e-03
4.941904000000000075e+00 7.605749000000001057e-03
4.946838999999999764e+00 7.234342999999999850e-03
4.951778000000000013e+00 7.313444000000000542e-03
4.956723000000000212e+00 6.989776999999999969e-03
4.961672000000000082e+00 6.833637999999999518e-03
4.966626999999999903e+00 7.216360000000000656e-03
4.971586000000000283e+00 8.344957000000000069e-03
4.976550999999999725e+00 7.080368000000000078e-03
4.981520000000000614e+00 7.857785000000000811e-03
4.986493999999999538e+00 7.059391000000000797e-03
4.991473000000000049e+00 7.518306000000000641e-03
4.996457000000000370e+00 7.243925000000000017e-03
5.001447000000000642e+00 7.274118000000000424e-03
5.006440999999999697e+00 8.080686000000000119e-03
5.011440000000000339e+00 6.792379000000000298e-03
5.016443999999999903e+00 7.235574000000000693e-03
5.021453000000000166e+00 7.044652999999999679e-03
5.026466999999999352e+00 7.543191999999999779e-03
5.031486000000000125e+00 7.262020000000000107e-03
5.036509999999999820e+00 7.934113999999999056e-03
5.041540000000000354e+00 6.722820000000000878e-03
5.046573999999999671e+00 8.124631999999999687e-03
5.051612999999999687e+00 7.141654999999999358e-03
5.056657000000000401e+00 6.815042000000000322e-03
5.061706000000000039e+00 6.885445999999999928e-03
5.066761000000000514e+00 6.817291999999999970e-03
5.071819999999999773e+00 6.592907999999999755e-03
5.076883999999999730e+00 6.896107000000000278e-03
5.081953999999999638e+00 7.813708000000000806e-03
5.087028000000000105e+00 8.190581000000000597e-03
5.092108000000000523e+00 7.005573000000000182e-03
5.097192999999999863e+00 6.686891000000000362e-03
5.102281999999999762e+00 6.787195000000000207e-03
5.107376999999999612e+00 7.442908999999999289e-03
5.112477000000000160e+00 7.140054999999999319e-03
5.117581999999999631e+00 6.950790999999999567e-03
5.122691999999999801e+00 6.724687000000000026e-03
5.127807000000000670e+00 6.994500999999999323e-03
5.132928000000000601e+00 7.990008999999999306e-03
5.138052999999999315e+00 7.128965000000000128e-03
5.143183999999999756e+00 6.753189999999999193e-03
5.148318999999999868e+00 6.863470999999999461e-03
5.153459999999999930e+00 7.436360999999999839e-03
5.158605999999999803e+00 7.191511999999999731e-03
5.163757000000000374e+00 7.416482999999999756e-03
5.168913000000000757e+00 6.838235000000000667e-03
5.174075000000000202e+00 6.777345000000000591e-03
5.179241000000000206e+00 6.830184000000000429e-03
5.184412999999999272e+00 6.948472999999999282e-03
5.189590000000000813e+00 7.280322000000000529e-03
5.194771999999999501e+00 7.031388999999999868e-03
5.199958999999999776e+00 8.326818000000001455e-03
5.205150999999999861e+00 6.803191000000000099e-03
5.210348999999999897e+00 6.928726999999999976e-03
5.215550999999999604e+00 6.777232000000000221e-03
5.220759000000000150e+00 6.858219000000000468e-03
5.225971999999999618e+00 7.115306000000000061e-03
5.231191000000000813e+00 7.068432999999998967e-03
5.236413999999999902e+00 6.541359000000000062e-03
5.241642999999999830e+00 7.094052999999999470e-03
5.246877000000000457e+00 6.778775000000000772e-03
5.252116000000000007e+00 6.881034000000000282e-03
5.257360999999999507e+00 6.861863000000000164e-03
5.262610000000000454e+00 7.088042000000000127e-03
5.267865000000000464e+00 6.758275999999999693e-03
5.273124999999999396e+00 6.655444000000000811e-03
5.278391000000000055e+00 6.828130999999999437e-03
5.283662000000000525e+00 7.187580999999999311e-03
5.288936999999999777e+00 7.730051000000000803e-03
5.294219000000000008e+00 6.985396999999999960e-03
5.299504999999999910e+00 6.911968000000000105e-03
5.304796999999999763e+00 6.854972000000000842e-03
5.310093999999999426e+00 7.330122000000000547e-03
5.315395999999999788e+00 6.609633999999999648e-03
5.320704000000000100e+00 6.946566999999999846e-03
5.326017000000000223e+00 6.835629000000000184e-03
5.331335000000000157e+00 7.246048000000000593e-03
5.336658999999999153e+00 8.217710999999999072e-03
5.341987000000000485e+00 6.806450999999999821e-03
5.347322000000000131e+00 6.884669999999999852e-03
5.352661000000000335e+00 8.118425000000000294e-03
5.358005999999999602e+00 7.096487999999999755e-03
5.363355999999999568e+00 6.815073999999999958e-03
5.368712000000000373e+00 7.169288000000000223e-03
5.374071999999999960e+00 6.797931999999999586e-03
5.379438999999999638e+00 7.237516000000000262e-03
5.384810000000000763e+00 6.864656000000000230e-03
5.390187000000000062e+00 7.951727000000000448e-03
5.395569000000000059e+00 7.011406999999999015e-03
5.400957000000000008e+00 6.733699999999999582e-03
5.406350000000000655e+00 7.137968999999999217e-03
5.411749000000000365e+00 7.343543000000000986e-03
5.417151999999999745e+00 8.346217999999998999e-03
5.422562000000000104e+00 7.034871999999999306e-03
5.427976000000000134e+00 8.235977000000000228e-03
5.433396000000000114e+00 6.724294999999999925e-03
5.438822000000000045e+00 6.618789000000000790e-03
5.444253000000000675e+00 6.950538999999999502e-03
5.449688999999999339e+00 7.945690000000000044e-03
5.455131000000000618e+00 7.465320000000000115e-03
5.460577999999999932e+00 6.955643999999999542e-03
5.466029999999999944e+00 6.882062999999999896e-03
5.471487999999999907e+00 6.856816999999999426e-03
5.476951999999999821e+00 6.848133999999999645e-03
5.482421000000000433e+00 7.363783000000000481e-03
5.487894999999999968e+00 7.912536999999999002e-03
5.493374999999999453e+00 6.942399000000000139e-03
5.498859999999999637e+00 6.970488000000000378e-03
5.504351000000000660e+00 6.750979999999999308e-03
5.509847999999999857e+00 7.002660000000000828e-03
5.515349000000000501e+00 6.917920000000000146e-03
5.520856999999999459e+00 8.049017999999999798e-03
5.526369000000000753e+00 7.481166000000000031e-03
5.531888000000000361e+00 7.279725999999999385e-03
5.537410999999999639e+00 7.127470999999999807e-03
5.542941000000000784e+00 8.269701999999998568e-03
5.548475999999999964e+00 6.952129999999999942e-03
5.554015999999999842e+00 6.733130000000000365e-03
5.559562000000000559e+00 7.172094999999999859e-03
5.565113000000000198e+00 7.201332999999999866e-03
5.570670000000000677e+00 8.346217999999998999e-03
5.576233000000000217e+00 6.992177999999999935e-03
5.581800999999999569e+00 6.894232000000000138e-03
5.587374999999999758e+00 8.346124999999999378e-03
5.592953999999999759e+00 7.659660999999999900e-03
5.598537999999999570e+00 6.861409000000000605e-03
5.604128999999999472e+00 6.618903000000000633e-03
5.609725000000000072e+00 6.841224999999999390e-03
5.615325999999999596e+00 7.895596000000001252e-03
5.620932999999999957e+00 7.102774999999999540e-03
5.626546000000000269e+00 6.720684000000000206e-03
5.632163999999999504e+00 6.802360999999999824e-03
5.637788000000000466e+00 7.824566999999999287e-03
5.643418000000000490e+00 6.847660000000000205e-03
5.649052999999999436e+00 6.866762999999999686e-03
5.654694000000000109e+00 7.307502999999999915e-03
5.660339999999999705e+00 6.929109000000000136e-03
5.665992000000000139e+00 8.205854999999999747e-03
5.671650000000000524e+00 6.665974999999999331e-03
5.677313000000000720e+00 7.197447999999999520e-03
5.682981999999999978e+00 7.124352000000000462e-03
5.688657000000000075e+00 7.071809999999999555e-03
5.694336999999999982e+00 6.921833999999999973e-03
5.700022999999999840e+00 7.343269000000000359e-03
5.705714999999999648e+00 7.397118000000000269e-03
5.711412000000000155e+00 6.817786999999999632e-03
5.717114999999999725e+00 6.768566000000001033e-03
5.722824000000000133e+00 6.843085999999999960e-03
5.728539000000000492e+00 6.692347999999999873e-03
5.734258999999999773e+00 7.911292999999999798e-03
5.739984999999999893e+00 6.899597999999999842e-03
5.745716000000000712e+00 6.755566999999999649e-03
5.751453999999999844e+00 7.990869000000001138e-03
5.757196999999999676e+00 6.644999000000000391e-03
5.762945000000000206e+00 7.122636000000000765e-03
5.768699999999999939e+00 8.156965999999999870e-03
5.774460000000000370e+00 6.899076999999999987e-03
5.780225999999999864e+00 7.248966999999999390e-03
5.785997999999999308e+00 7.462374000000000784e-03
5.791776000000000479e+00 6.880846000000000358e-03
5.797558999999999685e+00 7.700596999999999998e-03
5.803347999999999729e+00 6.905900000000000406e-03
5.809142999999999724e+00 6.826218999999999690e-03
5.814943000000000417e+00 6.869895999999999468e-03
5.820750000000000313e+00 8.245831000000000341e-03
5.826562000000000019e+00 6.811690000000000453e-03
5.832379999999999676e+00 8.346217999999998999e-03
5.838204000000000171e+00 7.311802000000000058e-03
5.844033999999999729e+00 7.657051000000000655e-03
5.849868999999999986e+00 6.930465999999999710e-03
5.855710000000000193e+00 6.791224999999999692e-03
5.861557999999999602e+00 8.344789000000000026e-03
5.867410999999999710e+00 6.813738999999999213e-03
5.873269000000000517e+00 6.867033999999999291e-03
5.879133999999999638e+00 7.083800999999999813e-03
5.885004999999999598e+00 6.787927000000000891e-03
5.890881000000000256e+00 7.991194000000000075e-03
5.896762999999999977e+00 7.198143999999999203e-03
5.902651000000000536e+00 7.468856000000000279e-03
5.908545000000000158e+00 6.815769999999999641e-03
5.914445000000000618e+00 6.758324999999999923e-03
5.920351000000000141e+00 6.778870999999999682e-03
5.926262999999999614e+00 6.571297999999999723e-03
5.932179999999999787e+00 8.151631999999998934e-03
5.938104000000000049e+00 7.930503000000000205e-03
5.944032999999999234e+00 6.965628000000000618e-03
5.949969000000000285e+00 7.002167000000000113e-03
5.955910000000000259e+00 7.717716999999999807e-03
5.961857000000000184e+00 8.305476000000000872e-03
5.967810000000000059e+00 8.160544999999999952e-03
5.973768999999999885e+00 6.620627999999999930e-03
5.979734000000000549e+00 6.724917000000000394e-03
5.985704999999999387e+00 7.195880999999999458e-03
5.991681999999999952e+00 7.317930000000000268e-03
5.997665000000000468e+00 8.002992999999999912e-03
